./entrail -a jhu.nii jhu.trk.gz

should generate

Atlas jhu.nii
Track jhu.trk.gz
Fibers within regions 62248 (of total 119360)
0	0	13	0	6	0	0	0	3	0	0	0	0	0	0	0	0	0	0	0	4	0	0	0	0	0	0	0	0	0	0	0	9	0	0	0	0	0	0	0	0	0	0	0	0	0	0	0	0	0	15	0	5	0	0	0	7	0	4	0	0	0	0	0	0	0	0	0	5	0	0	0	0	0	0	0	4	0	2	0	0	0	13	0	0	0	0	0	0	0	0	0	0	0	1	5	0	0	1	0	0	0	1	0	0	0	0	0	0	0	0	0	0	0	0	0	25	0	4	0	0	0	4	0	2	0	11	0	0	0	4	0	8	0	5	0	2	0	18	0	0	0	0	0	0	0	1	0	6	0	0	0	1	0	0	0	0	0	0	0	0	0	0	0	0	0	0	0	0	0	0	1	2	0	0	0	0	0	0	0	0	0	0	0	0	0	0	0	0
0	0	6	5	0	5	0	0	0	6	0	0	0	2	0	0	0	13	0	21	0	5	0	0	0	0	0	0	0	0	0	0	0	0	0	0	0	0	0	0	0	0	0	0	0	0	0	0	0	4	0	1	0	6	0	0	0	3	0	13	11	1	0	0	0	0	0	0	3	2	0	3	0	0	0	0	0	0	0	1	1	0	2	1	0	0	0	0	0	0	0	0	0	0	8	0	0	5	0	0	0	0	0	1	0	0	0	0	0	0	0	5	0	2	0	0	0	1	0	0	0	0	0	0	4	1	0	16	0	0	0	1	0	5	0	0	0	0	2	0	3	0	0	0	0	0	0	1	0	1	0	0	0	14	0	0	0	0	0	0	0	0	0	0	0	0	0	0	0	0	0	9	0	0	0	0	0	1	0	0	0	0	0	0	0	0	0	0	0
13	6	83	26	67	7	9	0	28	31	4	0	15	4	0	0	14	6	23	5	94	11	0	0	0	0	6	0	0	0	0	0	64	3	0	0	0	0	0	0	0	0	0	0	1	3	0	0	12	16	52	2	128	64	12	3	186	17	196	48	47	10	1	0	4	0	46	20	107	22	14	0	0	0	21	8	54	2	67	33	14	14	132	21	10	0	4	0	2	1	0	0	0	0	13	133	11	4	11	7	13	1	36	1	4	1	1	0	0	0	1	0	0	0	0	0	130	30	41	0	1	0	51	5	50	11	46	5	2	0	55	3	42	16	13	0	32	5	43	2	7	0	17	12	2	1	2	6	50	20	5	0	1	0	6	0	0	0	4	0	0	0	1	0	0	0	0	0	0	3	45	19	14	0	0	4	0	0	0	3	3	15	0	0	0	3	0	0	0
0	5	26	77	10	36	0	2	7	108	0	0	0	25	0	4	0	119	1	95	1	94	0	0	0	2	0	2	0	0	0	0	3	25	0	1	0	11	0	0	0	2	0	4	0	19	0	4	0	159	0	58	24	182	0	60	37	93	25	137	3	8	0	2	0	2	3	32	20	42	5	53	0	26	0	30	13	64	17	35	4	19	46	112	0	0	0	0	0	3	0	0	0	1	178	7	0	40	3	9	0	12	0	14	0	19	0	2	0	0	0	3	0	2	0	0	19	127	0	45	0	2	27	55	0	16	14	40	0	2	5	35	6	72	1	14	2	23	5	31	2	15	0	38	1	2	0	43	0	39	0	26	0	9	0	1	0	1	0	11	0	0	0	0	0	0	0	0	1	0	7	2	0	0	0	20	14	14	1	16	6	0	5	0	0	0	1	0	5
6	0	67	10	6	9	10	0	9	5	0	0	0	0	1	0	0	2	7	5	10	7	0	0	0	0	2	0	0	0	0	0	7	0	0	0	0	0	0	0	0	0	0	0	2	0	0	0	3	15	7	0	32	25	5	0	59	3	38	23	5	0	2	0	2	0	4	6	45	7	3	0	0	1	3	3	24	0	14	18	6	1	30	30	0	0	1	0	0	0	0	0	0	0	9	26	4	5	5	0	0	0	0	2	2	0	0	0	0	0	0	1	0	0	0	0	27	16	6	0	3	0	7	15	5	1	3	3	0	0	7	1	13	0	2	0	4	0	11	2	9	0	1	1	1	3	4	3	4	3	0	0	0	0	3	0	0	0	0	0	0	0	0	0	0	0	0	0	3	0	9	7	0	0	2	1	0	0	0	2	0	0	0	0	0	0	0	0	0
0	5	7	36	9	10	0	2	0	21	0	0	0	7	0	3	0	53	0	15	3	16	0	0	0	0	0	0	0	0	0	0	0	8	0	0	0	2	0	0	0	0	0	1	7	9	0	0	0	34	0	12	22	50	0	18	27	49	50	51	11	9	0	1	1	1	0	3	1	26	1	9	0	5	3	11	10	22	25	17	3	4	23	46	0	6	3	2	0	2	0	0	0	5	47	4	10	14	0	16	0	1	4	3	0	0	0	3	0	0	0	0	0	0	0	0	7	51	0	4	0	0	1	10	0	5	1	22	0	0	10	10	2	19	0	5	0	9	0	7	4	14	0	6	0	2	1	11	0	5	0	2	0	0	0	0	0	0	0	4	0	0	0	3	0	0	0	0	0	0	0	0	0	0	0	12	6	4	1	2	0	0	0	0	1	0	0	0	0
0	0	9	0	10	0	3	0	8	0	0	0	0	0	9	0	0	0	0	0	0	0	1	0	0	0	0	0	0	0	2	0	0	0	0	0	0	0	0	0	0	0	0	0	0	0	0	0	0	0	16	0	21	0	0	0	4	0	0	0	0	0	0	0	0	0	0	0	0	0	0	0	0	0	0	0	0	0	0	0	0	0	0	0	0	0	0	0	0	0	0	0	0	0	0	0	0	0	0	0	0	0	0	0	0	0	0	0	0	0	0	0	0	0	0	0	10	0	2	0	4	0	0	0	0	0	3	0	4	0	0	0	21	0	0	0	0	0	0	0	0	0	0	0	0	0	0	0	1	0	0	0	2	0	15	0	0	0	0	0	0	0	0	0	0	0	0	0	0	0	0	0	2	0	0	0	0	0	0	0	0	0	0	1	0	0	0	0	0
0	0	0	2	0	2	0	2	0	59	0	5	0	0	0	8	0	8	0	2	0	0	0	3	0	4	0	0	0	3	0	3	0	0	0	2	0	0	0	0	0	0	0	0	0	0	0	0	0	9	0	7	0	59	0	8	0	1	0	5	0	0	0	0	0	0	0	0	0	0	0	12	0	3	0	3	0	0	0	5	0	0	0	1	0	0	0	0	0	0	0	0	0	0	2	0	0	0	0	0	0	0	0	0	0	0	0	0	0	0	0	0	0	0	0	0	0	13	0	44	0	2	0	0	0	0	0	2	0	2	0	0	0	5	0	6	0	18	0	0	0	0	0	3	0	0	0	1	0	15	0	3	0	1	0	3	0	0	0	0	0	0	0	0	0	0	0	0	0	0	0	0	0	0	0	0	0	4	0	0	0	0	4	0	9	0	0	0	0
3	0	28	7	9	0	8	0	9	2	34	0	17	0	15	0	21	0	0	0	8	0	0	0	0	0	0	0	11	0	3	0	2	0	5	0	1	0	0	0	0	0	0	0	2	1	0	0	14	0	10	0	69	0	11	0	32	10	34	1	3	2	0	0	0	0	4	1	3	0	13	0	2	0	5	0	1	0	20	0	0	0	13	1	0	0	0	0	1	0	0	0	0	0	0	14	1	0	0	0	0	0	2	0	0	0	0	0	0	0	0	0	0	0	0	0	22	3	9	0	4	0	2	0	1	9	15	12	0	0	7	0	32	2	3	0	19	0	0	0	0	0	9	0	3	0	17	0	12	0	4	0	0	0	22	0	0	0	0	0	0	0	0	0	0	0	0	0	0	0	3	1	1	0	0	0	0	0	0	0	0	3	0	9	0	3	0	0	0
0	6	31	108	5	21	0	59	2	141	0	55	1	96	0	108	0	99	1	27	10	27	0	34	0	72	0	15	0	56	0	29	1	29	0	106	0	53	0	18	0	3	0	17	0	9	0	1	1	163	0	72	15	332	1	150	20	33	30	56	1	2	0	0	1	0	0	9	8	49	0	114	0	8	0	25	0	48	1	46	2	5	25	53	1	0	0	1	0	3	0	0	0	0	83	6	0	19	3	6	0	1	1	2	0	0	0	1	0	0	0	1	0	0	0	0	6	59	0	94	0	27	22	6	0	25	1	46	0	3	2	22	2	18	0	43	0	80	3	17	4	7	0	16	0	0	0	63	0	109	0	29	0	10	0	24	0	5	0	1	0	1	0	3	0	0	0	0	0	0	9	0	0	0	0	23	22	13	3	1	2	0	51	0	58	0	56	0	40
0	0	4	0	0	0	0	0	34	0	1	0	0	0	3	0	0	0	0	0	0	0	0	0	6	0	0	0	0	0	0	0	0	0	1	0	0	0	0	0	0	0	0	0	0	0	0	0	0	0	2	0	18	0	0	0	3	0	3	0	0	0	0	0	0	0	0	0	0	0	2	0	0	0	0	0	0	0	2	0	0	0	0	0	0	0	0	0	0	0	0	0	0	0	0	0	0	0	0	0	0	0	0	0	0	0	0	0	0	0	0	0	0	0	0	0	2	0	1	0	0	0	0	0	0	0	0	0	0	0	0	0	11	0	1	0	1	0	0	0	0	0	2	0	0	0	0	0	16	0	0	0	0	0	0	0	0	0	0	0	0	0	0	0	0	0	0	0	0	0	0	0	0	2	0	0	0	0	0	0	0	0	0	5	0	0	0	0	0
0	0	0	0	0	0	0	5	0	55	0	7	0	38	0	51	0	4	0	0	0	0	0	10	0	16	0	0	0	9	0	5	0	2	0	39	0	5	0	4	0	0	0	1	0	0	0	0	0	8	0	8	0	76	0	21	0	7	0	0	0	0	0	0	0	0	0	0	0	0	0	60	0	0	0	1	0	2	0	14	0	0	0	0	0	0	0	0	0	0	0	0	0	0	0	0	0	0	0	0	0	0	0	0	0	0	0	0	0	0	0	0	0	0	0	0	0	9	0	4	0	2	0	0	0	0	0	1	0	1	0	0	0	1	0	22	0	32	0	0	0	0	0	2	0	0	0	2	0	47	0	2	0	0	0	14	0	0	0	0	0	0	0	0	0	0	0	0	0	0	0	0	0	0	0	0	3	7	1	0	0	0	12	0	23	0	39	0	12
0	0	15	0	0	0	0	0	17	1	0	0	0	0	0	0	6	0	0	0	2	0	0	0	0	0	0	0	0	0	0	0	0	0	0	0	1	0	2	0	0	0	0	0	0	0	0	0	19	0	1	0	29	2	2	0	7	0	21	0	0	0	0	0	0	0	0	0	3	1	2	0	1	0	8	0	0	0	11	0	3	0	8	0	0	0	0	0	0	0	0	0	0	0	0	1	0	0	0	0	0	0	0	0	0	0	0	0	0	0	0	0	0	0	0	0	14	0	1	0	0	0	0	0	0	0	1	0	0	0	1	0	1	0	0	0	3	0	0	0	1	0	5	0	0	0	4	0	0	0	1	0	0	0	0	0	0	0	0	0	0	0	0	0	0	0	0	0	0	0	0	1	0	0	1	0	0	0	0	0	0	0	0	0	0	2	0	8	0
0	2	4	25	0	7	0	0	0	96	0	38	0	53	0	29	0	73	0	7	0	3	0	1	0	7	0	0	0	2	0	0	0	4	0	55	0	45	0	59	0	8	0	13	0	8	0	0	0	97	0	9	1	91	0	113	5	11	2	22	0	0	0	0	0	0	0	0	0	8	1	68	0	1	0	34	0	5	0	30	1	2	3	12	0	0	0	1	0	0	0	0	0	0	34	0	0	3	0	0	0	0	0	0	0	4	0	1	0	0	0	0	0	0	0	0	2	13	0	7	0	0	3	1	0	4	0	12	0	1	0	2	0	2	0	16	0	24	0	3	3	0	0	13	0	0	0	33	0	26	0	22	0	0	0	0	0	1	0	0	0	0	0	0	0	0	0	0	0	0	0	0	0	0	0	5	7	15	3	12	0	0	18	0	25	0	45	0	24
0	0	0	0	1	0	9	0	15	0	3	0	0	0	5	0	0	0	0	0	0	0	13	0	1	0	0	0	3	0	0	0	0	0	6	0	0	0	0	0	0	0	0	0	0	0	0	0	0	0	0	0	14	0	0	0	6	0	2	0	1	0	0	0	0	0	0	0	0	0	0	0	0	0	0	0	0	0	8	0	7	0	1	0	0	0	0	0	0	0	0	0	0	0	0	0	0	0	0	0	0	0	0	0	0	0	0	0	0	0	0	0	0	0	0	0	5	0	0	0	0	0	0	0	0	0	0	0	0	0	0	0	1	0	0	0	0	0	0	0	0	0	0	0	0	0	0	0	3	0	0	0	0	0	1	0	0	0	0	0	0	0	0	0	0	0	0	0	0	0	0	0	1	0	0	0	0	0	0	0	0	0	0	16	0	1	0	0	0
0	0	0	4	0	3	0	8	0	108	0	51	0	29	0	15	0	1	0	0	0	0	0	14	0	28	0	2	0	19	0	18	0	1	0	90	0	6	0	12	0	0	0	0	0	0	0	0	0	1	0	16	0	117	0	57	0	3	0	2	0	0	0	0	0	0	0	0	0	1	0	57	0	0	0	10	0	6	0	19	0	0	0	4	0	0	0	0	0	0	0	0	0	0	2	0	0	0	0	0	0	0	0	0	0	0	0	0	0	0	0	0	0	0	0	0	0	11	0	25	0	11	0	1	0	0	0	7	0	3	0	1	0	0	0	6	0	21	0	0	0	0	0	1	0	0	0	0	0	41	0	16	0	1	0	12	0	0	0	0	0	0	0	0	0	0	0	0	0	0	0	0	0	0	0	0	1	3	5	0	0	0	33	0	35	0	38	0	0
0	0	14	0	0	0	0	0	21	0	0	0	6	0	0	0	34	0	31	0	19	0	0	0	0	0	0	0	0	0	0	0	1	0	8	0	10	0	0	0	0	0	2	0	8	0	0	0	80	0	0	0	23	0	8	0	0	0	51	0	0	0	0	0	2	0	0	0	0	0	8	0	18	0	15	0	0	0	1	0	6	0	6	0	1	0	1	0	0	0	0	0	0	0	0	80	3	0	0	0	0	0	9	0	8	0	0	0	0	0	0	0	0	0	0	0	27	0	0	0	0	0	1	0	0	0	0	0	0	0	0	0	3	0	0	0	2	0	0	0	5	0	1	0	0	0	8	0	0	0	1	0	0	0	0	0	0	0	8	0	0	0	1	0	0	0	0	0	1	0	0	0	1	0	3	0	0	0	0	0	0	0	0	0	0	5	0	6	0
0	13	6	119	2	53	0	8	0	99	0	4	0	73	0	1	0	63	5	76	11	56	0	0	0	1	0	8	0	0	0	0	0	9	0	39	0	51	0	9	0	24	0	27	0	23	0	1	0	337	0	67	19	143	0	59	8	16	44	101	1	3	0	0	0	2	0	3	1	39	6	47	3	34	0	98	1	12	0	94	1	8	19	45	0	3	0	2	7	4	0	0	0	1	352	27	14	18	0	16	0	3	5	30	2	18	0	6	0	2	0	0	0	0	0	0	4	47	0	84	0	20	4	42	0	9	1	51	0	0	1	30	1	22	0	12	1	22	0	6	2	16	0	27	0	1	0	34	1	67	0	29	0	47	0	0	0	8	0	7	0	0	0	1	0	0	0	0	0	2	3	0	0	0	0	20	24	8	11	8	1	0	5	0	1	0	1	0	33
0	0	23	1	7	0	0	0	0	1	0	0	0	0	0	0	31	5	18	12	40	6	0	0	0	0	0	0	0	0	0	0	1	0	0	0	6	0	2	0	0	0	1	0	14	4	0	0	41	15	0	1	29	4	0	0	1	0	83	2	3	0	0	0	3	1	0	0	1	0	10	0	24	1	13	0	0	0	7	0	5	0	2	0	0	0	2	0	4	0	8	0	0	0	16	328	11	0	0	0	7	0	7	0	36	0	0	1	1	0	1	0	1	1	0	0	34	0	0	0	0	0	0	0	0	0	0	0	0	0	0	0	1	0	0	0	5	0	3	0	5	0	2	0	0	0	3	0	0	0	0	0	0	0	0	0	0	0	3	0	0	0	2	0	0	0	0	0	0	0	0	0	1	0	0	0	0	0	0	0	0	2	0	0	0	0	0	0	0
0	21	5	95	5	15	0	2	0	27	0	0	0	7	0	0	0	76	12	23	39	47	0	0	0	0	0	9	0	0	0	0	0	17	0	0	0	20	0	0	0	1	0	6	14	29	0	17	0	103	0	57	19	59	0	9	2	29	39	37	1	2	0	0	0	3	0	11	2	45	3	5	9	11	0	44	3	19	0	25	1	0	13	35	0	2	17	0	13	1	0	0	0	0	287	81	6	11	4	2	7	7	15	2	11	17	2	7	0	0	0	2	0	0	0	0	7	53	0	44	0	0	3	3	0	23	1	68	0	0	0	0	0	23	0	2	2	2	1	21	0	2	0	12	0	0	2	4	0	14	0	3	0	31	0	0	0	0	0	0	0	0	0	0	0	0	0	0	0	0	10	0	0	0	0	1	15	1	0	2	2	0	0	0	0	0	0	0	0
4	0	94	1	10	3	0	0	8	10	0	0	2	0	0	0	19	11	40	39	32	24	0	0	0	0	0	0	0	0	0	0	30	0	0	0	11	0	0	0	0	0	0	0	10	4	0	0	21	29	17	0	73	10	1	0	23	5	82	15	7	0	0	1	27	6	21	0	31	0	1	0	3	0	7	0	7	0	25	4	10	0	28	4	8	0	3	0	4	0	0	0	0	0	82	222	3	1	6	1	3	6	16	6	36	2	0	1	0	0	2	3	1	4	0	0	50	4	8	0	0	0	5	0	6	0	3	0	0	0	5	1	27	4	2	0	5	0	23	1	17	1	0	0	0	0	11	0	8	1	1	0	0	0	0	0	0	0	1	0	0	0	2	0	0	0	0	0	2	0	9	0	0	0	0	0	0	0	0	1	3	0	0	0	0	0	0	0	0
0	5	11	94	7	16	0	0	0	27	0	0	0	3	0	0	0	56	6	47	24	29	0	0	0	0	0	9	0	0	0	0	4	6	0	0	0	12	0	0	0	3	0	2	0	4	0	0	1	67	0	16	3	82	0	7	22	25	17	92	0	0	0	1	1	7	6	16	3	22	1	7	1	10	2	20	1	18	1	33	2	7	5	45	0	3	0	2	0	3	0	0	0	0	233	71	3	38	3	5	0	3	3	5	13	20	2	4	1	2	3	2	2	4	0	0	7	113	0	66	0	0	6	6	0	8	2	24	0	0	0	4	1	12	0	2	1	3	3	7	2	9	0	21	0	2	0	5	1	7	0	0	0	18	0	0	0	3	0	0	0	0	0	1	0	0	0	0	0	0	0	0	0	0	0	6	12	0	0	0	9	0	0	0	0	0	0	0	3
0	0	0	0	0	0	1	0	0	0	0	0	0	0	13	0	0	0	0	0	0	0	0	0	0	0	0	0	0	0	0	0	0	0	1	0	0	0	0	0	0	0	0	0	0	0	0	0	0	0	0	0	4	0	0	0	0	0	0	0	0	0	0	0	0	0	0	0	0	0	0	0	0	0	0	0	0	0	3	0	0	0	0	0	0	0	0	0	0	0	0	0	0	0	0	0	0	0	0	0	0	0	0	0	0	0	0	0	0	0	0	0	0	0	0	0	2	0	0	0	0	0	0	0	0	0	0	0	1	0	0	0	0	0	0	0	6	0	0	0	0	0	0	0	0	0	0	0	1	0	0	0	0	0	0	0	0	0	0	0	0	0	0	0	0	0	0	0	0	0	0	0	0	0	0	0	0	0	0	0	0	0	0	1	0	0	0	0	0
0	0	0	0	0	0	0	3	0	34	0	10	0	1	0	14	0	0	0	0	0	0	0	0	0	9	0	0	0	3	0	1	0	0	0	6	0	0	0	0	0	0	0	0	0	0	0	0	0	0	0	1	0	46	0	4	0	0	0	0	0	0	0	0	0	0	0	0	0	0	0	2	0	0	0	0	0	0	0	1	0	0	0	0	0	0	0	0	0	0	0	0	0	0	0	0	0	0	0	0	0	0	0	0	0	0	0	0	0	0	0	0	0	0	0	0	0	1	0	5	0	1	0	0	0	0	0	0	0	1	0	0	0	0	0	1	0	2	0	0	0	0	0	0	0	0	0	0	0	9	0	0	0	0	0	4	0	0	0	0	0	0	0	0	0	0	0	0	0	0	0	0	0	0	0	0	0	0	0	0	0	0	4	0	2	0	6	0	0
0	0	0	0	0	0	0	0	0	0	6	0	0	0	1	0	0	0	0	0	0	0	0	0	0	0	0	0	0	0	0	0	1	0	0	0	0	0	0	0	0	0	0	0	0	0	0	0	0	0	0	0	6	0	0	0	2	0	1	0	0	0	0	0	0	0	0	0	0	0	3	0	0	0	0	0	0	0	2	0	0	0	0	0	0	0	0	0	0	0	0	0	0	0	0	0	0	0	0	0	0	0	0	0	0	0	0	0	0	0	0	0	0	0	0	0	0	0	0	0	0	0	0	0	0	0	0	0	1	0	0	0	0	0	0	0	6	0	0	0	0	0	1	0	0	0	0	0	4	0	0	0	0	0	0	0	0	0	0	0	0	0	0	0	0	0	0	0	0	0	0	0	0	0	0	0	0	0	0	0	0	0	0	4	0	0	0	0	0
0	0	0	2	0	0	0	4	0	72	0	16	0	7	0	28	0	1	0	0	0	0	0	9	0	16	0	0	0	9	0	14	0	4	0	22	0	6	0	2	0	0	0	0	0	0	0	0	0	0	0	14	0	73	0	13	0	0	0	0	0	0	0	0	0	0	0	0	0	0	0	23	0	0	0	2	0	0	0	2	0	0	0	0	0	0	0	0	0	0	0	0	0	0	0	0	0	0	0	0	0	0	0	0	0	0	0	0	0	0	0	0	0	0	0	0	0	1	0	9	0	1	0	0	0	0	0	1	0	2	0	0	0	4	0	4	0	17	0	0	0	0	0	1	0	0	0	0	0	49	0	0	0	1	0	16	0	0	0	0	0	0	0	0	0	0	0	0	0	0	0	0	0	0	0	0	8	5	0	0	0	0	8	0	31	0	10	0	6
0	0	6	0	2	0	0	0	0	0	0	0	0	0	0	0	0	0	0	0	0	0	0	0	0	0	0	0	0	0	0	0	3	0	0	0	0	0	0	0	0	0	0	0	0	0	0	0	0	0	9	0	1	0	0	0	10	0	4	0	0	0	0	0	0	0	4	0	0	0	0	0	0	0	0	0	0	0	1	0	0	0	0	0	0	0	0	0	0	0	0	0	0	0	0	2	0	0	0	0	2	0	1	0	0	0	0	0	0	0	0	0	0	0	0	0	20	0	4	0	3	0	2	0	0	0	0	0	3	0	0	0	8	0	2	0	0	0	1	0	0	0	0	0	0	0	0	0	6	0	0	0	0	0	0	0	0	0	0	0	0	0	0	0	0	0	0	0	0	0	0	2	0	0	0	0	0	0	0	0	0	0	0	0	0	0	0	0	0
0	0	0	2	0	0	0	0	0	15	0	0	0	0	0	2	0	8	0	9	0	9	0	0	0	0	0	0	0	0	0	0	0	0	0	0	0	0	0	0	0	0	0	0	0	0	0	0	0	19	0	10	0	8	0	10	0	0	0	7	0	0	0	0	0	0	0	0	0	4	0	8	0	4	0	3	0	0	0	0	0	0	0	0	0	0	0	0	0	0	0	0	0	0	9	0	0	3	0	0	0	3	0	3	0	0	0	0	0	0	0	0	0	0	0	0	0	6	0	13	0	0	0	0	0	0	0	10	0	3	0	0	0	4	0	0	0	2	0	0	0	0	0	1	0	0	0	1	0	1	0	0	0	1	0	0	0	0	0	0	0	0	0	0	0	0	0	0	0	0	0	0	0	0	0	0	0	2	0	0	0	0	0	0	0	0	0	0	0
0	0	0	0	0	0	0	0	11	0	0	0	0	0	3	0	0	0	0	0	0	0	0	0	0	0	0	0	0	0	0	0	0	0	0	0	0	0	0	0	0	0	0	0	0	0	0	0	0	0	0	0	9	0	0	0	0	0	0	0	0	0	0	0	0	0	0	0	0	0	0	0	0	0	0	0	0	0	0	0	0	0	0	0	0	0	0	0	0	0	0	0	0	0	0	0	0	0	0	0	0	0	0	0	0	0	0	0	0	0	0	0	0	0	0	0	2	0	1	0	0	0	0	0	0	0	0	0	0	0	0	0	4	0	0	0	0	0	0	0	0	0	0	0	0	0	0	0	0	0	0	0	0	0	1	0	0	0	0	0	0	0	0	0	0	0	0	0	0	0	0	0	0	0	0	0	0	0	0	0	0	1	0	0	0	0	0	0	0
0	0	0	0	0	0	0	3	0	56	0	9	0	2	0	19	0	0	0	0	0	0	0	3	0	9	0	0	0	6	0	0	0	0	0	9	0	0	0	0	0	0	0	0	0	0	0	0	0	0	0	0	0	44	0	1	0	0	0	0	0	0	0	0	0	0	0	0	0	0	0	4	0	0	0	0	0	0	0	0	0	0	0	0	0	0	0	0	0	0	0	0	0	0	0	0	0	0	0	0	0	0	0	0	0	0	0	0	0	0	0	0	0	0	0	0	0	0	0	3	0	0	0	0	0	0	0	0	0	0	0	0	0	0	0	21	0	23	0	0	0	0	0	0	0	0	0	0	0	13	0	1	0	0	0	2	0	1	0	0	0	0	0	0	0	0	0	0	0	0	0	0	0	0	0	0	0	3	0	0	0	0	4	0	8	0	3	0	0
0	0	0	0	0	0	2	0	3	0	0	0	0	0	0	0	0	0	0	0	0	0	0	0	0	0	0	0	0	0	0	0	0	0	0	0	0	0	0	0	0	0	0	0	0	0	0	0	0	0	0	0	3	0	0	0	0	0	0	0	0	0	0	0	0	0	0	0	0	0	0	0	0	0	0	0	0	0	0	0	0	0	0	0	0	0	0	0	0	0	0	0	0	0	0	0	0	0	0	0	0	0	0	0	0	0	0	0	0	0	0	0	0	0	0	0	0	0	0	0	5	0	0	0	0	0	0	0	0	0	0	0	0	0	0	0	0	0	0	0	0	0	0	0	0	0	0	0	1	0	0	0	0	0	0	0	0	0	0	0	0	0	0	0	0	0	0	0	0	0	0	0	0	0	0	0	0	0	0	0	0	0	0	0	0	0	0	0	0
0	0	0	0	0	0	0	3	0	29	0	5	0	0	0	18	0	0	0	0	0	0	0	1	0	14	0	0	0	0	0	1	0	0	0	7	0	0	0	0	0	0	0	0	0	0	0	0	0	0	0	0	0	49	0	0	0	0	0	0	0	0	0	0	0	0	0	0	0	0	0	6	0	0	0	0	0	0	0	4	0	0	0	0	0	0	0	0	0	0	0	0	0	0	0	0	0	0	0	0	0	0	0	0	0	0	0	0	0	0	0	0	0	0	0	0	0	0	0	14	0	0	0	0	0	0	0	0	0	1	0	0	0	0	0	1	0	5	0	0	0	0	0	0	0	0	0	0	0	10	0	0	0	0	0	0	0	0	0	0	0	0	0	0	0	0	0	0	0	0	0	0	0	0	0	0	0	2	0	0	0	0	6	0	37	0	4	0	0
9	0	64	3	7	0	0	0	2	1	0	0	0	0	0	0	1	0	1	0	30	4	0	0	1	0	3	0	0	0	0	0	25	2	0	0	0	0	0	0	0	0	0	0	0	0	0	0	0	0	5	0	7	0	0	0	55	0	28	1	10	0	1	0	1	0	26	5	24	0	1	0	0	0	0	0	12	0	15	2	5	0	23	0	3	0	1	0	0	0	0	0	0	0	13	33	0	0	3	0	9	0	21	0	1	0	1	0	0	0	0	0	0	0	0	0	14	1	8	0	0	0	18	1	31	2	20	0	0	0	28	0	8	0	1	0	0	0	23	0	5	0	2	0	0	0	0	0	4	0	0	0	0	0	0	0	0	0	0	0	0	0	0	0	0	0	0	0	0	0	3	3	0	0	0	0	0	0	0	0	0	0	0	0	0	0	0	0	0
0	0	3	25	0	8	0	0	0	29	0	2	0	4	0	1	0	9	0	17	0	6	0	0	0	4	0	0	0	0	0	0	2	0	0	0	0	0	0	0	0	0	0	0	0	0	0	0	0	17	0	7	2	45	0	12	16	16	1	12	5	5	0	0	0	0	1	0	4	7	0	19	0	0	0	2	1	18	1	7	0	0	6	27	0	0	0	0	0	0	0	0	0	0	15	0	0	2	0	0	0	1	0	1	0	0	0	0	0	0	0	2	0	0	0	0	1	26	0	5	0	1	2	7	2	1	1	2	0	0	0	12	0	9	0	11	0	3	4	0	5	1	0	3	0	0	0	15	0	15	0	2	0	5	0	0	0	0	0	0	0	0	0	0	0	0	0	0	0	0	1	0	0	0	0	1	0	6	0	0	2	0	1	0	1	0	0	0	1
0	0	0	0	0	0	0	0	5	0	1	0	0	0	6	0	8	0	0	0	0	0	1	0	0	0	0	0	0	0	0	0	0	0	3	0	0	0	0	0	0	0	0	0	0	1	0	0	13	0	0	0	32	0	2	0	1	0	7	0	0	0	0	0	0	0	0	0	0	0	4	0	0	0	5	0	0	0	1	0	2	0	3	0	0	0	0	0	0	0	0	0	0	0	1	0	0	0	0	0	0	0	0	0	0	0	0	0	0	0	0	0	0	0	0	0	0	0	0	0	0	0	0	0	0	0	0	0	0	0	0	0	0	0	0	0	1	0	0	0	1	0	7	0	0	0	6	0	1	0	2	0	0	0	0	0	0	0	1	0	0	0	0	0	0	0	0	0	0	0	0	0	0	0	0	0	0	0	0	0	0	5	0	1	0	0	0	2	0
0	0	0	1	0	0	0	2	0	106	0	39	0	55	0	90	0	39	0	0	0	0	0	6	0	22	0	0	0	9	0	7	0	0	0	34	0	20	0	5	0	0	0	2	0	2	0	0	0	32	0	0	0	117	0	57	0	1	0	5	0	0	0	0	0	0	0	0	0	2	0	99	0	0	0	19	0	0	0	13	0	0	0	2	0	0	0	0	0	0	0	0	0	0	9	0	0	0	0	0	0	0	0	0	0	5	0	0	0	0	0	0	0	0	0	0	0	5	0	6	0	0	0	0	0	1	0	0	0	0	0	1	0	1	0	6	0	33	0	0	0	0	0	5	0	0	0	3	0	47	0	8	0	0	0	4	0	0	0	0	0	0	0	0	0	0	0	0	0	0	0	0	0	0	0	0	4	3	0	4	0	0	30	0	20	0	57	0	6
0	0	0	0	0	0	0	0	1	0	0	0	1	0	0	0	10	0	6	0	11	0	0	0	0	0	0	0	0	0	0	0	0	0	0	0	0	0	0	0	1	0	0	0	0	0	2	0	6	0	0	0	7	0	0	0	0	0	10	0	0	0	0	0	0	0	0	0	0	0	2	0	1	0	17	0	0	0	0	0	1	0	2	0	0	0	0	0	0	0	0	0	0	0	1	65	0	0	0	0	4	0	0	0	0	0	1	0	0	0	0	0	0	0	0	0	11	0	0	0	0	0	0	0	0	0	0	0	0	0	0	0	0	0	0	0	0	0	0	0	0	0	0	0	0	0	3	0	0	0	0	0	0	0	0	0	0	0	0	0	0	0	0	0	0	0	0	0	0	0	0	0	0	0	1	0	0	0	0	0	1	0	0	0	0	0	0	0	0
0	0	0	11	0	2	0	0	0	53	0	5	0	45	0	6	0	51	0	20	0	12	0	0	0	6	0	0	0	0	0	0	0	0	0	20	0	13	0	15	0	13	0	19	0	11	0	29	0	196	0	0	0	59	0	51	0	3	0	16	0	0	0	0	0	7	0	0	0	1	0	45	0	13	0	30	0	0	0	29	0	0	0	7	0	0	0	1	0	0	0	0	0	0	138	0	0	3	0	0	0	0	0	3	0	24	0	0	0	3	0	0	0	0	0	0	0	11	0	1	0	0	0	0	0	3	0	1	0	0	0	6	0	2	0	3	0	41	0	2	0	0	0	18	0	0	0	7	0	6	0	22	0	0	0	0	0	8	0	0	0	0	0	0	0	0	0	0	0	1	0	0	0	0	0	5	0	13	0	8	0	0	11	0	4	0	9	0	20
0	0	0	0	0	0	0	0	0	0	0	0	2	0	0	0	0	0	2	0	0	0	0	0	0	0	0	0	0	0	0	0	0	0	0	0	0	0	0	0	0	0	0	0	0	0	0	0	1	0	0	0	3	0	2	0	0	0	0	0	0	0	0	0	0	0	0	0	0	0	1	0	0	0	3	0	0	0	0	0	0	0	0	0	0	0	0	0	0	0	0	0	0	0	0	6	0	0	0	0	0	0	0	0	0	0	0	0	0	0	0	0	0	0	0	0	0	0	0	0	0	0	0	0	0	0	0	0	0	0	0	0	0	0	0	0	2	0	0	0	1	0	0	0	0	0	2	0	0	0	4	0	0	0	0	0	0	0	0	0	0	0	0	0	0	0	0	0	0	0	0	0	0	0	0	0	0	0	0	0	0	0	0	0	0	0	0	0	0
0	0	0	0	0	0	0	0	0	18	0	4	0	59	0	12	0	9	0	0	0	0	0	0	0	2	0	0	0	0	0	0	0	0	0	5	0	15	0	6	0	0	0	4	0	0	0	0	0	48	0	0	0	35	0	23	0	0	0	8	0	0	0	0	0	0	0	0	0	0	0	38	0	1	0	1	0	0	0	11	0	0	0	0	0	0	0	0	0	0	0	0	0	0	5	0	0	0	0	0	0	0	0	0	0	0	0	0	0	0	0	0	0	0	0	0	0	1	0	0	0	0	0	0	0	0	0	0	0	0	0	0	0	0	0	4	0	13	0	0	0	0	0	2	0	0	0	6	0	4	0	11	0	0	0	1	0	0	0	0	0	0	0	0	0	0	0	0	0	0	0	0	0	0	0	0	0	0	0	4	0	0	9	0	1	0	10	0	15
0	0	0	0	0	0	0	0	0	0	0	0	0	0	0	0	0	0	0	0	0	0	0	0	0	0	0	0	0	0	0	0	0	0	0	0	1	0	0	0	0	0	0	0	0	0	0	0	3	0	0	0	0	0	0	0	0	0	0	0	0	0	0	0	0	0	0	0	0	0	0	0	0	0	0	0	0	0	0	0	0	0	0	0	0	0	0	0	0	0	0	0	0	0	0	17	0	0	0	0	0	0	0	0	0	0	0	0	0	0	0	0	0	0	0	0	0	0	0	0	0	0	0	0	0	0	0	0	0	0	0	0	0	0	0	0	0	0	0	0	0	0	0	0	0	0	0	0	0	0	0	0	0	0	0	0	0	0	0	0	0	0	0	0	0	0	0	0	0	0	0	0	0	0	0	0	0	0	0	0	0	0	0	0	0	0	0	0	0
0	0	0	2	0	0	0	0	0	3	0	0	0	8	0	0	0	24	0	1	0	3	0	0	0	0	0	0	0	0	0	0	0	0	0	0	0	13	0	0	0	4	0	21	0	5	0	2	0	34	0	0	0	2	0	3	0	0	0	6	0	0	0	0	0	9	0	0	0	0	0	1	0	0	0	6	0	0	0	1	0	0	0	1	0	1	0	1	0	0	0	0	0	0	36	0	0	1	0	1	0	0	0	0	0	29	0	0	0	0	0	0	0	0	0	0	0	1	0	0	0	0	0	0	0	0	0	0	0	0	0	0	0	0	0	0	0	5	0	1	0	0	0	7	0	0	0	4	0	0	0	5	0	0	0	0	0	0	0	0	0	0	0	0	0	0	1	0	0	2	0	0	0	0	0	0	0	1	0	0	0	0	0	0	0	0	0	0	3
0	0	0	0	0	0	0	0	0	0	0	0	0	0	0	0	2	0	1	0	0	0	0	0	0	0	0	0	0	0	0	0	0	0	0	0	0	0	0	0	0	0	0	0	0	0	1	0	8	0	0	0	5	0	0	0	0	0	1	0	0	0	0	0	0	0	0	0	0	0	2	0	1	0	1	0	0	0	0	0	0	0	0	0	0	0	0	0	0	0	0	0	0	0	0	23	0	0	0	0	0	0	0	0	0	0	0	0	0	0	0	0	0	0	0	0	0	0	0	0	0	0	0	0	0	0	0	0	0	0	0	0	0	0	0	0	0	0	0	0	0	0	0	0	0	0	0	0	0	0	0	0	0	0	0	0	0	0	0	0	0	0	0	0	0	0	0	0	0	0	0	0	0	0	0	0	0	0	0	0	0	0	0	0	0	0	0	0	0
0	0	0	4	0	1	0	0	0	17	0	1	0	13	0	0	0	27	0	6	0	2	0	0	0	0	0	0	0	0	0	0	0	0	0	2	0	19	0	4	0	21	0	10	0	6	0	0	0	80	0	1	0	15	0	16	0	0	0	6	0	0	0	0	0	1	0	0	0	1	0	24	0	5	0	11	0	0	0	15	0	0	0	3	0	0	0	0	0	0	0	0	0	0	120	0	0	0	0	0	0	0	0	4	0	12	0	0	0	1	0	0	0	0	0	0	0	2	0	0	0	0	0	0	0	0	0	0	0	0	0	1	0	2	0	2	0	10	0	0	0	0	0	6	0	0	0	3	0	2	0	21	0	0	0	0	0	4	0	2	0	0	0	0	0	0	0	0	0	0	0	0	0	0	0	3	1	0	0	4	0	0	5	0	1	0	0	0	5
0	0	1	0	2	7	0	0	2	0	0	0	0	0	0	0	8	0	14	14	10	0	0	0	0	0	0	0	0	0	0	0	0	0	0	0	0	0	0	0	0	0	0	0	0	0	0	0	19	6	1	0	7	4	4	0	0	0	16	16	2	1	1	0	2	1	0	0	1	2	0	0	6	0	5	5	1	0	6	8	0	6	6	0	0	0	0	0	1	0	0	0	0	0	1	41	2	0	1	0	0	0	0	0	10	0	0	0	0	0	0	0	0	0	0	0	8	1	0	0	0	0	0	0	0	0	0	0	0	0	0	0	2	0	0	0	0	1	2	0	5	0	0	0	0	0	4	0	0	0	0	0	0	0	0	0	0	0	0	0	0	0	0	0	0	0	0	0	0	0	0	0	0	0	0	0	0	0	0	0	1	0	0	0	0	0	0	0	0
0	0	3	19	0	9	0	0	1	9	0	0	0	8	0	0	0	23	4	29	4	4	0	0	0	0	0	0	0	0	0	0	0	0	1	2	0	11	0	0	0	5	0	6	0	2	0	0	2	64	0	0	0	13	1	25	0	13	9	16	0	0	0	1	0	0	0	2	1	7	0	5	1	3	0	7	0	5	0	13	3	3	0	14	0	1	0	2	0	1	0	0	0	0	84	4	0	1	0	6	0	2	6	3	3	2	0	0	0	0	0	0	0	0	0	0	3	12	0	0	0	0	2	1	0	0	0	1	0	0	0	5	0	3	0	0	0	5	0	4	2	5	0	9	0	0	0	7	0	2	0	2	0	0	0	0	0	2	0	0	0	0	0	1	0	0	0	0	0	0	1	0	0	0	0	0	0	0	0	0	0	0	3	0	0	0	0	0	2
0	0	0	0	0	0	0	0	0	0	0	0	0	0	0	0	0	0	0	0	0	0	0	0	0	0	0	0	0	0	0	0	0	0	0	0	2	0	0	0	0	0	1	0	0	0	0	0	2	0	0	0	0	0	0	0	0	0	0	0	0	0	0	0	0	0	0	0	0	0	0	0	0	0	0	0	0	0	0	0	0	0	0	0	0	0	0	0	0	0	0	0	0	0	1	14	0	0	0	0	0	0	0	0	0	0	0	0	0	0	0	0	1	0	0	0	0	0	0	0	0	0	0	0	0	0	0	0	0	0	0	0	0	0	0	0	0	0	0	0	0	0	0	0	0	0	0	0	0	0	0	0	0	0	0	0	0	0	0	0	0	0	0	0	0	0	0	0	0	0	0	0	0	0	0	0	0	0	0	0	0	0	0	0	0	0	0	0	0
0	0	0	4	0	0	0	0	0	1	0	0	0	0	0	0	0	1	0	17	0	0	0	0	0	0	0	0	0	0	0	0	0	0	0	0	0	29	0	0	0	2	0	0	0	0	0	1	0	16	0	1	0	1	0	0	0	1	0	2	0	0	0	0	0	0	0	1	0	0	0	0	0	1	0	5	0	0	0	0	0	0	0	0	0	0	0	0	0	0	0	0	0	0	33	1	0	0	0	0	0	2	1	1	0	3	0	0	0	0	0	1	0	0	0	0	0	3	0	2	0	0	0	0	0	1	0	2	0	0	0	0	0	2	0	0	0	0	0	0	0	2	0	0	0	0	0	0	0	0	0	0	0	0	0	0	0	0	0	0	0	0	0	0	0	0	0	0	0	0	0	0	0	0	0	0	0	0	0	0	0	0	0	0	0	0	0	0	0
0	0	12	0	3	0	0	0	14	1	0	0	19	0	0	0	80	0	41	0	21	1	0	0	0	0	0	0	0	0	0	0	0	0	13	0	6	0	1	0	3	0	8	0	19	2	2	0	61	0	0	0	47	0	31	0	2	0	54	0	0	0	0	0	0	0	0	0	0	0	17	0	26	0	31	1	1	0	2	0	1	0	13	0	0	0	0	0	1	0	0	0	0	0	0	167	6	0	0	0	0	0	3	0	7	0	0	0	0	0	1	0	0	0	0	0	26	1	0	0	0	0	0	0	0	0	0	0	0	0	0	0	0	0	0	0	1	0	0	0	1	0	6	0	0	0	29	0	0	0	6	0	0	0	0	0	0	0	2	0	0	0	0	0	0	0	0	0	0	0	1	0	0	0	3	0	0	0	0	0	0	8	0	0	0	2	0	1	0
0	4	16	159	15	34	0	9	0	163	0	8	0	97	0	1	0	337	15	103	29	67	0	0	0	0	0	19	0	0	0	0	0	17	0	32	0	196	0	48	0	34	0	80	6	64	0	16	0	330	0	59	32	172	0	118	2	35	57	130	4	1	0	9	3	17	0	8	0	38	1	96	0	64	1	163	5	18	2	84	1	18	16	44	2	4	0	3	7	5	1	1	0	1	646	49	14	32	2	10	2	13	8	37	12	44	0	10	0	2	0	0	0	0	0	0	21	68	0	67	0	8	8	17	0	12	0	32	0	3	5	15	7	31	1	15	0	43	1	10	3	25	1	44	0	0	0	69	1	58	0	49	0	7	0	0	0	29	0	6	0	1	0	1	0	0	0	0	0	8	3	0	0	0	0	10	13	13	9	11	2	0	11	0	1	0	15	0	48
15	0	52	0	7	0	16	0	10	0	2	0	1	0	0	0	0	0	0	0	17	0	0	0	0	0	9	0	0	0	0	0	5	0	0	0	0	0	0	0	0	0	0	0	1	0	0	0	0	0	43	0	33	0	0	0	33	1	16	0	0	0	1	0	0	1	12	0	18	1	0	0	0	0	0	0	2	0	8	0	1	0	6	0	2	0	0	0	0	0	0	0	0	0	3	17	1	0	0	0	3	0	15	0	0	0	0	0	0	0	0	0	0	0	0	0	23	0	39	0	9	0	3	0	1	0	6	0	3	0	7	0	38	0	8	0	2	0	7	0	0	0	0	0	0	0	0	0	2	0	0	0	8	0	11	0	0	0	0	0	0	0	0	0	0	0	0	0	0	0	1	6	1	0	0	0	0	0	0	0	0	1	0	0	0	0	0	0	0
0	1	2	58	0	12	0	7	0	72	0	8	0	9	0	16	0	67	1	57	0	16	0	1	0	14	0	10	0	0	0	0	0	7	0	0	0	0	0	0	0	0	0	1	0	0	0	1	0	59	0	31	0	90	0	26	4	37	2	57	0	3	0	0	0	0	0	7	0	30	0	19	0	5	1	7	1	15	1	10	0	0	1	26	0	0	0	0	0	1	0	0	0	0	51	0	0	14	0	1	0	8	0	4	0	4	0	0	0	0	0	0	0	1	0	0	0	31	0	34	0	2	0	8	0	12	0	23	0	1	0	8	0	37	0	32	0	12	0	7	0	4	0	8	0	1	0	27	0	21	0	2	0	4	0	4	0	6	0	8	0	0	0	0	0	0	0	0	0	0	0	0	0	0	0	24	5	2	0	1	6	0	1	0	1	0	1	0	0
5	0	128	24	32	22	21	0	69	15	18	0	29	1	14	0	23	19	29	19	73	3	4	0	6	0	1	0	9	0	3	0	7	2	32	0	7	0	3	0	0	0	5	0	7	0	0	0	47	32	33	0	79	89	26	1	81	22	159	81	28	7	0	0	1	1	7	4	34	23	21	0	5	1	12	20	16	1	32	56	14	12	77	20	11	0	7	0	1	0	2	0	0	0	12	114	16	2	21	2	0	1	10	1	11	0	0	0	0	0	8	0	0	0	0	0	96	20	16	0	4	0	17	3	22	1	24	5	7	0	8	4	50	12	6	0	10	0	15	1	14	4	13	11	1	3	5	10	44	15	17	0	5	0	33	0	1	0	0	0	5	0	1	0	0	0	0	0	3	0	36	14	9	0	2	3	5	4	1	6	2	20	0	4	0	9	0	1	0
0	6	64	182	25	50	0	59	0	332	0	76	2	91	0	117	0	143	4	59	10	82	0	46	0	73	0	8	0	44	0	49	0	45	0	117	0	59	0	35	0	2	0	15	4	13	0	1	0	172	0	90	89	262	5	145	25	122	122	194	7	21	1	2	0	8	0	17	5	97	3	137	1	6	4	53	12	47	8	88	10	14	40	201	2	3	0	4	3	13	0	1	0	4	154	8	2	55	7	17	0	4	0	11	1	11	0	3	0	0	0	0	0	0	0	0	49	166	0	110	0	33	14	35	1	23	10	40	0	12	3	29	14	45	0	63	0	99	4	16	13	17	2	37	0	0	0	43	0	158	0	30	0	7	0	34	0	13	0	8	4	1	0	1	0	0	0	0	0	1	14	0	0	0	0	15	31	22	2	13	2	0	40	0	119	0	69	0	41
0	0	12	0	5	0	0	0	11	1	0	0	2	0	0	0	8	0	0	0	1	0	0	0	0	0	0	0	0	0	0	0	0	0	2	0	0	0	2	0	0	0	0	0	4	1	0	0	31	0	0	0	26	5	5	0	4	0	20	0	2	0	0	0	0	0	0	0	0	0	9	0	7	0	10	0	0	0	10	4	6	0	1	0	0	0	0	0	0	0	1	0	0	0	0	13	2	0	2	0	0	0	0	0	1	0	0	0	0	0	0	0	0	0	0	0	5	0	0	0	0	0	0	0	0	0	0	1	0	0	1	0	2	0	0	0	3	0	0	0	1	0	7	0	1	0	16	0	0	0	1	0	0	0	0	0	0	0	1	0	0	0	0	0	0	0	0	0	0	0	0	0	0	0	0	0	0	0	0	0	0	5	0	0	0	3	0	1	0
0	0	3	60	0	18	0	8	0	150	0	21	0	113	0	57	0	59	0	9	0	7	0	4	0	13	0	10	0	1	0	0	0	12	0	57	0	51	0	23	0	3	0	16	0	25	0	0	0	118	0	26	1	145	0	39	1	10	3	88	0	1	0	0	0	0	0	0	0	20	0	73	0	7	0	30	0	8	1	24	0	6	1	29	0	0	1	0	0	0	0	0	0	0	63	3	0	3	0	5	0	0	0	0	0	2	0	0	0	0	0	0	0	0	0	0	0	26	0	69	0	11	2	18	0	4	1	33	0	1	3	6	0	4	0	17	0	44	0	9	2	2	0	12	0	0	0	40	0	94	0	31	0	7	0	0	0	1	0	4	0	0	0	0	0	0	0	0	0	1	0	0	0	0	0	2	1	10	2	8	0	0	53	0	51	0	50	0	29
7	0	186	37	59	27	4	0	32	20	3	0	7	5	6	0	0	8	1	2	23	22	0	0	2	0	10	0	0	0	0	0	55	16	1	0	0	0	0	0	0	0	0	0	0	0	0	0	2	2	33	4	81	25	4	1	130	41	141	33	63	19	0	0	1	2	41	24	122	13	7	0	0	1	3	4	95	2	62	7	33	0	197	35	0	0	4	0	2	7	0	0	1	0	27	40	5	3	11	3	0	2	6	6	0	0	0	0	0	0	0	1	0	0	0	0	64	42	18	0	2	0	51	14	16	12	67	9	2	0	35	8	16	9	10	2	22	2	46	2	14	0	8	5	1	12	0	2	17	17	0	0	0	0	10	0	0	1	0	0	0	0	0	0	0	0	0	0	0	1	54	43	4	0	0	11	3	0	1	0	8	7	0	0	0	2	0	0	0
0	3	17	93	3	49	0	1	10	33	0	7	0	11	0	3	0	16	0	29	5	25	0	0	0	0	0	0	0	0	0	0	0	16	0	1	0	3	0	0	0	0	0	0	0	13	0	1	0	35	1	37	22	122	0	10	41	42	39	61	5	12	0	1	0	0	1	4	21	65	0	5	0	2	4	19	5	36	12	28	6	10	46	95	0	0	2	0	0	9	0	0	0	0	62	7	0	9	2	15	0	4	1	2	0	3	0	0	0	0	0	0	0	1	0	0	14	52	0	5	0	0	9	11	0	25	14	33	0	0	1	26	6	24	1	5	1	9	3	21	0	16	0	4	2	0	0	26	0	16	0	3	0	0	0	6	0	1	0	0	0	0	0	0	0	0	0	0	0	0	10	0	0	0	0	20	15	7	3	3	3	0	1	0	0	0	2	0	1
4	0	196	25	38	50	0	0	34	30	3	0	21	2	2	0	51	44	83	39	82	17	0	0	1	0	4	0	0	0	0	0	28	1	7	0	10	0	0	0	0	0	1	0	16	9	0	0	54	57	16	2	159	122	20	3	141	39	113	115	40	8	2	0	13	7	11	4	32	28	17	0	12	1	28	10	39	7	43	51	37	12	136	22	11	0	3	0	7	0	0	0	0	0	50	154	23	15	24	2	1	1	8	5	5	2	0	0	0	0	4	0	0	0	0	0	111	42	5	0	0	0	35	6	22	4	24	4	0	0	12	9	31	38	1	1	12	1	13	5	42	3	0	5	1	9	36	7	21	14	8	0	0	0	1	0	4	0	3	0	7	0	4	0	0	0	0	0	13	0	33	3	2	0	1	6	6	0	0	9	8	5	0	10	0	0	0	0	0
0	13	48	137	23	51	0	5	1	56	0	0	0	22	0	2	0	101	2	37	15	92	0	0	0	0	0	7	0	0	0	0	1	12	0	5	0	16	0	8	0	6	0	6	16	16	0	2	0	130	0	57	81	194	0	88	33	61	115	92	7	10	0	4	0	12	1	11	5	90	4	11	0	11	1	29	27	41	16	44	16	7	43	115	0	19	1	8	2	12	0	0	0	3	163	15	8	40	4	25	0	1	1	4	0	9	0	3	0	0	0	2	0	0	0	0	22	112	0	15	0	10	11	25	0	21	8	32	0	0	13	44	8	44	0	4	1	18	3	14	6	9	0	20	1	0	1	46	3	23	0	26	0	14	0	0	0	1	0	6	1	9	0	2	0	0	0	0	0	0	5	0	1	0	0	19	20	1	1	3	5	0	5	0	2	0	2	0	7
0	11	47	3	5	11	0	0	3	1	0	0	0	0	1	0	0	1	3	1	7	0	0	0	0	0	0	0	0	0	0	0	10	5	0	0	0	0	0	0	0	0	0	0	2	0	0	0	0	4	0	0	28	7	2	0	63	5	40	7	13	4	0	0	0	0	12	22	26	13	4	0	0	0	1	0	8	0	7	5	6	0	33	4	2	0	0	0	1	0	0	0	0	0	1	10	3	2	8	0	0	0	0	0	0	0	0	0	0	0	0	0	0	0	0	0	7	5	0	0	0	0	14	8	2	2	17	2	0	0	4	0	2	0	1	1	6	0	0	0	3	1	2	0	0	0	5	1	3	4	0	0	0	0	0	0	0	0	0	0	0	0	1	0	0	0	0	0	0	0	13	4	0	0	0	2	1	0	0	0	0	0	0	0	0	0	0	0	0
0	1	10	8	0	9	0	0	2	2	0	0	0	0	0	0	0	3	0	2	0	0	0	0	0	0	0	0	0	0	0	0	0	5	0	0	0	0	0	0	0	0	0	0	1	0	0	0	0	1	0	3	7	21	0	1	19	12	8	10	4	2	0	0	0	0	1	0	5	17	0	0	0	0	1	3	4	14	0	11	1	1	9	20	0	0	3	0	0	0	0	0	0	2	4	3	0	0	0	0	0	0	0	0	0	0	0	0	0	0	0	0	1	0	0	0	0	10	0	0	0	0	7	3	0	0	0	5	0	0	3	4	2	1	0	0	0	3	0	1	2	3	0	1	0	0	0	0	0	3	0	0	0	0	0	0	0	0	0	0	0	0	0	0	0	0	0	0	0	0	1	0	0	0	0	1	1	0	0	0	0	0	0	0	0	0	0	0	0
0	0	1	0	2	0	0	0	0	0	0	0	0	0	0	0	0	0	0	0	0	0	0	0	0	0	0	0	0	0	0	0	1	0	0	0	0	0	0	0	0	0	0	0	1	0	0	0	0	0	1	0	0	1	0	0	0	0	2	0	0	0	0	0	0	0	1	0	0	0	0	0	0	0	0	0	0	0	0	0	1	2	1	0	0	0	0	0	0	0	0	0	0	0	0	0	0	0	0	0	0	0	0	0	0	0	0	0	0	0	0	0	0	0	0	0	2	0	0	0	0	0	0	1	0	0	0	0	0	0	0	0	0	0	0	0	0	0	0	0	0	0	0	0	0	0	0	0	0	0	0	0	0	0	0	0	0	0	0	0	0	0	0	0	0	0	0	0	0	0	0	0	0	0	0	0	0	0	0	0	0	0	0	0	0	0	0	0	0
0	0	0	2	0	1	0	0	0	0	0	0	0	0	0	0	0	0	0	0	1	1	0	0	0	0	0	0	0	0	0	0	0	0	0	0	0	0	0	0	0	0	0	0	0	1	0	0	0	9	0	0	0	2	0	0	0	1	0	4	0	0	0	0	0	0	0	0	0	0	0	0	0	0	0	0	0	0	0	0	0	0	0	0	0	0	0	0	0	0	0	0	0	0	3	1	2	3	0	3	0	0	0	0	0	0	0	0	0	0	0	0	0	0	0	0	0	6	0	0	0	0	0	0	0	0	0	0	0	0	0	0	0	0	0	0	0	0	0	0	0	0	0	0	0	0	0	0	0	0	0	0	0	0	0	0	0	0	0	0	0	0	0	1	0	0	0	0	0	1	0	0	0	0	0	0	0	0	0	0	0	0	0	0	0	0	0	0	0
0	0	4	0	2	1	0	0	0	1	0	0	0	0	0	0	2	0	3	0	27	1	0	0	0	0	0	0	0	0	0	0	1	0	0	0	0	0	0	0	0	0	0	0	2	0	0	0	0	3	0	0	1	0	0	0	1	0	13	0	0	0	0	0	2	1	3	0	3	0	0	0	0	0	1	0	0	0	2	0	2	0	5	0	0	0	0	0	0	0	0	0	0	0	4	45	5	0	1	0	3	0	8	0	5	0	0	0	0	0	1	0	0	0	0	0	10	0	0	0	0	0	0	0	1	0	0	0	0	0	0	2	2	0	0	0	0	0	0	0	0	0	0	0	0	0	0	0	0	0	0	0	0	0	0	0	0	0	0	0	0	0	0	0	0	0	0	0	0	0	0	0	0	0	0	0	0	0	0	0	1	0	0	0	0	0	0	0	0
0	0	0	2	0	1	0	0	0	0	0	0	0	0	0	0	0	2	1	3	6	7	0	0	0	0	0	0	0	0	0	0	0	0	0	0	0	7	0	0	0	9	0	1	1	0	0	0	0	17	1	0	1	8	0	0	2	0	7	12	0	0	0	0	1	0	0	0	0	1	0	0	0	0	0	0	0	0	0	0	0	2	0	2	0	0	0	0	0	0	0	0	0	0	24	6	1	1	0	3	0	0	0	4	0	0	0	1	0	0	0	1	0	0	0	0	6	13	0	0	0	0	0	0	0	0	0	0	0	0	0	0	1	0	0	1	0	0	0	0	0	1	0	0	0	0	0	1	0	0	0	0	0	0	0	0	0	0	0	0	0	0	0	0	0	0	0	0	0	0	0	0	0	0	0	0	0	0	0	0	0	0	0	0	0	0	0	0	0
0	0	46	3	4	0	0	0	4	0	0	0	0	0	0	0	0	0	0	0	21	6	0	0	0	0	4	0	0	0	0	0	26	1	0	0	0	0	0	0	0	0	0	0	0	0	0	0	0	0	12	0	7	0	0	0	41	1	11	1	12	1	1	0	3	0	4	1	14	2	0	0	0	0	3	0	17	0	19	2	3	0	44	0	0	0	1	0	0	0	0	0	0	0	11	34	0	0	1	0	10	0	17	0	0	0	1	0	0	0	0	0	0	0	0	0	30	5	8	0	1	0	14	0	15	1	15	0	0	0	8	0	13	0	2	0	1	0	22	0	7	0	0	0	1	0	0	0	1	0	0	0	0	0	0	0	0	0	0	0	0	0	0	0	0	0	0	0	0	0	1	16	1	0	0	0	0	0	0	0	0	0	0	0	0	0	0	0	0
0	0	20	32	6	3	0	0	1	9	0	0	0	0	0	0	0	3	0	11	0	16	0	0	0	0	0	0	0	0	0	0	5	0	0	0	0	0	0	0	0	0	0	0	0	2	0	1	0	8	0	7	4	17	0	0	24	4	4	11	22	0	0	0	0	0	1	0	22	3	0	0	0	1	4	0	3	1	16	1	2	0	30	7	0	0	0	0	0	3	0	0	0	0	23	0	0	10	1	0	0	1	0	3	0	1	0	1	0	0	0	2	0	1	0	0	3	9	0	7	0	0	5	1	0	0	14	4	0	0	0	3	0	9	0	2	0	0	4	0	11	0	0	1	0	0	0	2	1	3	0	0	0	2	0	0	0	0	0	0	0	0	0	0	0	0	0	0	0	0	2	5	0	0	0	1	0	0	0	0	1	0	0	0	0	0	0	0	0
5	3	107	20	45	1	0	0	3	8	0	0	3	0	0	0	0	1	1	2	31	3	0	0	0	0	0	0	0	0	0	0	24	4	0	0	0	0	0	0	0	0	0	0	1	1	0	0	0	0	18	0	34	5	0	0	122	21	32	5	26	5	0	0	3	0	14	22	5	10	1	0	0	1	6	2	40	0	17	16	8	0	57	9	0	0	0	0	0	1	0	0	0	0	5	31	0	2	3	0	10	0	19	1	0	0	1	0	0	0	0	0	0	0	0	0	23	7	6	0	0	0	30	1	23	4	37	1	0	0	8	1	9	6	6	0	18	0	15	1	1	0	15	0	1	0	0	0	3	1	0	0	0	0	0	0	0	0	0	0	0	0	0	0	0	0	0	0	0	0	20	16	10	0	0	1	0	0	0	0	0	1	0	0	0	0	0	0	0
0	2	22	42	7	26	0	0	0	49	0	0	1	8	0	1	0	39	0	45	0	22	0	0	0	0	0	4	0	0	0	0	0	7	0	2	0	1	0	0	0	0	0	1	2	7	0	0	0	38	1	30	23	97	0	20	13	65	28	90	13	17	0	0	0	1	2	3	10	8	1	9	0	2	5	13	15	32	27	11	6	4	30	56	0	0	0	2	0	11	0	0	0	4	47	1	1	9	0	7	0	5	0	13	0	2	0	1	0	0	0	1	0	3	0	0	15	55	0	8	0	0	6	18	0	12	4	20	0	0	0	25	2	43	0	2	0	11	4	13	2	10	0	16	2	0	0	16	0	20	0	4	0	2	0	0	0	0	0	3	0	0	0	0	0	0	0	0	0	0	6	1	0	0	0	28	6	5	1	4	3	0	1	0	1	0	0	0	0
0	0	14	5	3	1	0	0	13	0	2	0	2	1	0	0	8	6	10	3	1	1	0	0	3	0	0	0	0	0	0	0	1	0	4	0	2	0	1	0	0	0	2	0	0	0	0	0	17	1	0	0	21	3	9	0	7	0	17	4	4	0	0	0	0	0	0	0	1	1	1	0	7	0	10	0	2	2	10	2	7	1	10	0	0	0	0	0	0	0	0	0	0	0	1	4	0	0	0	0	0	0	0	0	0	0	0	0	0	0	0	0	0	0	0	0	13	1	0	0	0	0	0	0	1	0	4	0	0	0	0	1	4	10	0	0	3	0	0	0	8	0	3	0	0	0	3	2	4	3	1	0	0	0	0	0	0	0	0	0	0	0	0	0	0	0	0	0	0	0	1	0	0	0	6	0	0	1	0	0	3	1	0	1	0	4	0	0	0
0	3	0	53	0	9	0	12	0	114	0	60	0	68	0	57	0	47	0	5	0	7	0	2	0	23	0	8	0	4	0	6	0	19	0	99	0	45	0	38	0	1	0	24	0	5	0	0	0	96	0	19	0	137	0	73	0	5	0	11	0	0	0	0	0	0	0	0	0	9	0	24	0	7	0	24	0	4	0	34	0	7	0	26	0	0	0	0	0	0	0	0	0	0	27	0	0	0	0	1	0	0	0	0	0	0	0	0	0	0	0	0	0	0	0	0	0	3	0	44	0	9	0	1	0	12	0	13	0	3	0	10	0	12	0	13	0	40	0	2	0	2	0	3	0	0	0	10	0	55	0	4	0	2	0	3	0	2	0	1	0	0	0	0	0	0	0	0	0	0	0	0	0	0	0	13	35	12	1	9	0	0	27	0	38	0	31	0	18
0	0	0	0	0	0	0	0	2	0	0	0	1	0	0	0	18	3	24	9	3	1	0	0	0	0	0	0	0	0	0	0	0	0	0	0	1	0	0	0	0	0	1	0	6	1	0	0	26	0	0	0	5	1	7	0	0	0	12	0	0	0	0	0	0	0	0	0	0	0	7	0	1	0	3	3	0	0	0	1	0	0	0	0	0	0	0	0	0	0	0	0	0	0	5	41	0	0	0	0	1	0	3	0	1	0	0	0	0	0	0	0	0	0	0	0	2	0	0	0	0	0	0	0	0	0	0	0	0	0	0	0	0	0	0	0	0	0	0	0	1	0	5	0	0	0	6	0	0	0	0	0	0	0	0	0	0	0	0	0	0	0	0	0	0	0	0	0	1	0	0	0	0	0	0	0	0	0	0	0	1	2	0	0	0	0	0	0	0
0	0	0	26	1	5	0	3	0	8	0	0	0	1	0	0	0	34	1	11	0	10	0	0	0	0	0	4	0	0	0	0	0	0	0	0	0	13	0	1	0	0	0	5	0	3	0	1	0	64	0	5	1	6	0	7	1	2	1	11	0	0	0	0	0	0	0	1	1	2	0	7	0	1	0	22	0	0	0	4	1	1	1	4	0	0	0	0	0	0	0	0	0	0	52	0	0	6	0	2	0	0	0	0	0	2	0	0	0	0	0	0	0	0	0	0	0	6	0	14	0	2	0	0	0	1	0	9	0	0	0	0	0	1	0	4	0	0	0	0	0	3	0	3	0	0	0	2	0	1	0	1	0	3	0	0	0	0	0	0	0	0	0	0	0	0	0	0	0	1	0	0	0	0	0	0	1	0	0	4	0	0	0	0	0	0	1	0	1
0	0	21	0	3	3	0	0	5	0	0	0	8	0	0	0	15	0	13	0	7	2	0	0	0	0	0	0	0	0	0	0	0	0	5	0	17	0	3	0	0	0	1	0	5	0	0	0	31	1	0	1	12	4	10	0	3	4	28	1	1	1	0	0	1	0	3	4	6	5	10	0	3	0	9	1	0	0	4	12	0	1	4	0	0	0	0	0	1	0	0	0	0	0	0	37	3	0	2	0	0	0	1	0	1	0	0	0	0	0	0	0	0	0	0	0	9	0	0	0	0	0	0	0	11	2	2	0	0	0	1	0	1	0	1	0	1	1	2	0	5	0	1	2	0	0	0	0	1	1	1	0	0	0	0	0	0	0	0	0	0	0	0	0	0	0	0	0	0	0	0	0	4	0	0	0	6	0	1	0	0	6	0	0	0	1	0	1	0
0	0	8	30	3	11	0	3	0	25	0	1	0	34	0	10	0	98	0	44	0	20	0	0	0	2	0	3	0	0	0	0	0	2	0	19	0	30	0	1	0	6	0	11	5	7	0	5	1	163	0	7	20	53	0	30	4	19	10	29	0	3	0	0	0	0	0	0	2	13	0	24	3	22	1	17	1	6	4	14	0	4	13	27	0	0	1	0	1	1	0	0	0	0	149	10	0	11	0	1	0	5	0	8	0	12	0	1	0	0	0	0	0	0	0	0	1	10	0	15	0	7	2	6	0	0	0	5	0	0	0	7	0	11	0	6	0	9	0	4	1	8	0	3	0	0	1	17	0	19	0	11	0	7	0	0	0	6	0	1	0	1	0	0	0	0	0	0	0	0	1	0	0	0	0	1	5	2	1	9	3	0	6	0	4	0	2	0	17
4	0	54	13	24	10	0	0	1	0	0	0	0	0	0	0	0	1	0	3	7	1	0	0	0	0	0	0	0	0	0	0	12	1	0	0	0	0	0	0	0	0	0	0	1	0	0	0	1	5	2	1	16	12	0	0	95	5	39	27	8	4	0	0	0	0	17	3	40	15	2	0	0	0	0	1	4	2	7	17	5	0	19	3	0	0	1	0	0	0	0	0	0	0	9	13	1	0	2	1	0	1	2	0	0	0	0	0	0	0	0	0	1	0	0	0	16	4	0	0	0	0	8	3	13	1	12	2	0	0	12	5	3	0	0	0	2	0	18	1	2	0	4	3	0	8	0	5	11	1	0	0	0	0	0	0	0	0	0	0	1	0	0	0	0	0	0	0	0	0	16	7	1	0	0	4	1	0	0	2	1	0	0	0	0	0	0	0	0
0	0	2	64	0	22	0	0	0	48	0	2	0	5	0	6	0	12	0	19	0	18	0	0	0	0	0	0	0	0	0	0	0	18	0	0	0	0	0	0	0	0	0	0	0	5	0	0	0	18	0	15	1	47	0	8	2	36	7	41	0	14	0	0	0	0	0	1	0	32	2	4	0	0	0	6	2	4	0	29	0	8	4	69	0	1	0	1	0	2	0	0	0	1	29	0	0	6	3	6	0	4	0	1	0	4	0	0	0	0	0	0	0	0	0	0	0	52	0	1	0	1	3	11	1	14	2	12	0	0	0	13	0	20	0	4	0	6	0	7	0	12	0	0	0	0	0	7	0	12	0	0	0	0	0	0	0	0	0	0	0	1	0	0	0	0	0	0	0	0	6	0	0	0	0	14	6	4	4	2	3	0	0	0	0	0	0	0	0
2	0	67	17	14	25	0	0	20	1	2	0	11	0	8	0	1	0	7	0	25	1	3	0	2	0	1	0	0	0	0	0	15	1	1	0	0	0	0	0	0	0	0	0	6	0	0	0	2	2	8	1	32	8	10	1	62	12	43	16	7	0	0	0	2	0	19	16	17	27	10	0	0	0	4	4	7	0	8	11	7	0	50	1	3	0	0	0	1	0	1	0	0	0	0	20	8	1	7	0	0	2	6	0	1	0	0	0	0	0	0	0	0	0	0	0	21	4	7	0	0	0	8	0	8	5	23	19	0	0	15	1	11	5	0	0	14	3	8	0	6	0	4	0	4	0	2	1	14	0	1	0	0	0	0	0	0	0	0	0	2	0	0	0	0	0	0	0	0	0	10	2	2	0	3	1	0	1	0	0	1	15	0	7	0	0	0	0	0
0	1	33	35	18	17	0	5	0	46	0	14	0	30	0	19	0	94	0	25	4	33	0	1	0	2	0	0	0	0	0	4	2	7	0	13	0	29	0	11	0	1	0	15	8	13	0	0	0	84	0	10	56	88	4	24	7	28	51	44	5	11	0	0	0	0	2	1	16	11	2	34	1	4	12	14	17	29	11	4	7	5	38	28	0	7	0	4	0	12	0	0	0	2	63	5	0	12	6	18	0	3	0	5	0	7	0	0	0	0	0	1	0	0	0	0	6	28	0	10	0	8	13	22	0	5	1	14	0	0	16	18	2	14	0	9	2	20	3	6	15	4	0	9	0	1	0	27	0	25	0	8	0	1	0	13	0	2	0	5	1	1	0	0	0	0	0	0	0	0	4	0	0	0	0	15	6	14	3	11	2	0	22	0	8	0	12	0	12
0	1	14	4	6	3	0	0	0	2	0	0	3	1	7	0	6	1	5	1	10	2	0	0	0	0	0	0	0	0	0	0	5	0	2	0	1	0	0	0	0	0	0	0	0	3	0	0	1	1	1	0	14	10	6	0	33	6	37	16	6	1	1	0	2	0	3	2	8	6	7	0	0	1	0	0	5	0	7	7	1	2	25	1	0	0	1	0	1	0	0	0	0	0	1	8	10	1	1	1	0	0	2	0	3	0	0	0	0	0	0	0	0	0	0	0	13	6	0	0	0	0	6	0	6	1	6	2	0	0	5	2	4	4	0	0	3	0	2	2	2	0	1	1	0	1	0	0	2	4	5	0	0	0	2	0	0	0	0	0	0	0	0	0	0	0	0	0	0	2	14	0	0	0	0	5	0	0	0	0	1	0	0	2	0	1	0	0	0
0	0	14	19	1	4	0	0	0	5	0	0	0	2	0	0	0	8	0	0	0	7	0	0	0	0	0	0	0	0	0	0	0	0	0	0	0	0	0	0	0	0	0	0	6	3	0	0	0	18	0	0	12	14	0	6	0	10	12	7	0	1	2	0	0	2	0	0	0	4	1	7	0	1	1	4	0	8	0	5	2	2	4	4	0	0	0	0	0	5	0	0	0	0	3	0	0	4	1	2	0	1	0	0	0	0	0	0	0	0	0	0	0	0	0	0	2	1	0	0	0	0	1	10	0	0	0	4	0	0	7	6	0	2	0	0	0	1	0	0	2	5	0	0	0	2	0	12	0	2	0	2	0	0	0	0	0	0	0	0	0	0	0	0	0	0	0	0	0	0	0	0	0	0	0	4	0	0	0	0	0	0	1	0	0	0	0	0	0
13	2	132	46	30	23	0	0	13	25	0	0	8	3	1	0	6	19	2	13	28	5	0	0	0	0	0	0	0	0	0	0	23	6	3	0	2	0	0	0	0	0	0	0	6	0	0	0	13	16	6	1	77	40	1	1	197	46	136	43	33	9	1	0	5	0	44	30	57	30	10	0	0	1	4	13	19	4	50	38	25	4	25	13	6	0	6	0	6	2	0	0	0	0	20	61	6	2	16	0	0	3	2	3	10	2	0	0	0	0	0	0	0	0	0	0	33	8	7	0	4	0	30	7	38	4	21	5	3	0	14	6	12	26	4	0	12	7	39	3	5	2	20	10	4	8	3	11	17	5	0	0	0	0	1	0	0	0	4	0	1	0	0	0	0	0	0	0	0	0	35	6	7	0	1	5	3	0	0	3	0	2	0	0	0	0	0	0	0
0	1	21	112	30	46	0	1	1	53	0	0	0	12	0	4	0	45	0	35	4	45	0	0	0	0	0	0	0	0	0	0	0	27	0	2	0	7	0	0	0	1	0	3	0	14	0	0	0	44	0	26	20	201	0	29	35	95	22	115	4	20	0	0	0	2	0	7	9	56	0	26	0	4	0	27	3	69	1	28	1	4	13	58	0	0	1	4	0	7	0	0	0	6	87	3	0	23	4	9	0	1	1	8	0	2	0	0	0	0	0	0	0	1	0	0	6	88	0	3	0	0	9	26	0	6	3	26	0	0	6	28	2	19	0	4	0	19	1	21	2	12	1	7	5	5	0	13	0	17	0	6	0	2	0	0	0	0	0	1	0	8	0	0	0	0	0	0	0	0	4	0	0	0	0	11	15	5	1	9	1	0	2	0	1	0	0	0	3
0	0	10	0	0	0	0	0	0	1	0	0	0	0	0	0	1	0	0	0	8	0	0	0	0	0	0	0	0	0	0	0	3	0	0	0	0	0	0	0	0	0	0	0	0	0	0	0	0	2	2	0	11	2	0	0	0	0	11	0	2	0	0	0	0	0	0	0	0	0	0	0	0	0	0	0	0	0	3	0	0	0	6	0	0	0	0	0	0	0	1	0	0	0	0	5	1	0	16	4	0	0	4	0	0	0	0	0	0	0	0	0	0	0	0	0	1	0	0	0	0	0	2	0	0	0	0	0	0	0	0	0	0	0	0	0	0	0	0	0	0	0	0	0	0	0	0	0	0	0	0	0	0	0	0	0	0	0	0	0	0	0	0	0	0	0	0	0	0	0	0	0	0	0	0	0	0	0	0	0	0	0	0	0	0	0	0	0	0
0	0	0	0	0	6	0	0	0	0	0	0	0	0	0	0	0	3	0	2	0	3	0	0	0	0	0	0	0	0	0	0	0	0	0	0	0	0	0	0	0	1	0	0	0	1	0	0	0	4	0	0	0	3	0	0	0	0	0	19	0	0	0	0	0	0	0	0	0	0	0	0	0	0	0	0	0	1	0	7	0	0	0	0	0	0	0	0	0	0	0	0	0	0	5	0	0	6	0	2	0	0	0	0	0	0	0	0	0	0	0	0	0	0	0	0	0	6	0	0	0	0	1	0	0	0	0	0	0	0	0	0	0	0	0	0	0	0	0	0	0	0	0	0	0	0	0	0	0	0	0	0	0	0	0	0	0	0	0	0	0	0	0	0	0	0	0	0	0	0	0	0	0	0	0	1	0	0	0	0	0	0	0	0	0	0	0	0	0
0	0	4	0	1	3	0	0	0	0	0	0	0	0	0	0	1	0	2	17	3	0	0	0	0	0	0	0	0	0	0	0	1	0	0	0	0	0	0	0	0	0	0	0	0	0	0	0	0	0	0	0	7	0	0	1	4	2	3	1	0	3	0	0	0	0	1	0	0	0	0	0	0	0	0	1	1	0	0	0	1	0	6	1	0	0	0	0	0	0	0	0	0	0	2	2	0	0	1	0	0	0	0	0	0	0	0	0	0	0	0	0	0	0	0	0	6	2	0	0	0	0	0	0	0	0	0	0	0	0	0	0	0	0	0	0	2	0	0	0	4	0	0	0	0	0	7	0	0	0	0	0	0	0	0	0	0	0	0	0	0	0	0	0	0	0	0	0	0	0	1	0	0	0	0	0	0	0	0	0	1	0	0	0	0	0	0	0	0
0	0	0	0	0	2	0	0	0	1	0	0	0	1	0	0	0	2	0	0	0	2	0	0	0	0	0	0	0	0	0	0	0	0	0	0	0	1	0	0	0	1	0	0	0	2	0	0	0	3	0	0	0	4	0	0	0	0	0	8	0	0	0	0	0	0	0	0	0	2	0	0	0	0	0	0	0	1	0	4	0	0	0	4	0	0	0	0	0	0	0	0	0	0	3	0	0	0	0	2	0	0	0	0	0	2	0	0	0	0	0	0	0	0	0	0	0	5	0	0	0	0	0	0	0	0	0	1	0	0	0	0	0	0	0	0	0	0	0	0	0	0	0	2	0	0	0	2	0	3	0	0	0	0	0	0	0	0	0	0	0	0	0	0	0	0	0	0	0	0	0	0	0	0	0	0	0	0	0	0	0	0	0	0	0	0	0	0	0
0	0	2	0	0	0	0	0	1	0	0	0	0	0	0	0	0	7	4	13	4	0	0	0	0	0	0	0	0	0	0	0	0	0	0	0	0	0	0	0	0	0	0	0	1	0	0	0	1	7	0	0	1	3	0	0	2	0	7	2	1	0	0	0	0	0	0	0	0	0	0	0	0	0	1	1	0	0	1	0	1	0	6	0	0	0	0	0	0	0	0	0	0	0	0	2	1	0	0	0	0	1	0	1	0	0	0	0	0	0	0	0	0	0	0	0	1	0	0	0	0	0	1	0	1	0	1	0	0	0	0	0	4	0	0	0	0	0	0	0	3	0	0	0	0	0	0	0	0	0	0	0	0	0	0	0	0	0	0	0	0	0	0	0	0	0	0	0	0	0	4	0	0	0	0	0	0	0	0	0	2	0	0	0	0	0	0	0	0
0	0	1	3	0	2	0	0	0	3	0	0	0	0	0	0	0	4	0	1	0	3	0	0	0	0	0	0	0	0	0	0	0	0	0	0	0	0	0	0	0	0	0	0	0	1	0	0	0	5	0	1	0	13	0	0	7	9	0	12	0	0	0	0	0	0	0	3	1	11	0	0	0	0	0	1	0	2	0	12	0	5	2	7	0	0	0	0	0	0	0	0	0	0	1	0	0	12	0	0	0	0	0	1	0	1	0	0	0	0	0	0	0	0	0	0	2	39	0	0	0	0	2	3	0	0	0	4	0	0	0	2	0	1	0	0	0	0	0	0	0	0	0	1	0	1	0	0	0	3	0	0	0	0	0	0	0	0	0	1	0	0	0	0	0	0	0	0	0	0	0	0	0	0	0	0	0	0	0	0	0	0	0	0	0	0	0	0	0
0	0	0	0	0	0	0	0	0	0	0	0	0	0	0	0	0	0	8	0	0	0	0	0	0	0	0	0	0	0	0	0	0	0	0	0	0	0	0	0	0	0	0	0	0	0	0	0	0	1	0	0	2	0	1	0	0	0	0	0	0	0	0	0	0	0	0	0	0	0	0	0	0	0	0	0	0	0	1	0	0	0	0	0	1	0	0	0	0	0	0	0	0	0	0	5	0	0	0	0	0	0	0	0	0	0	0	0	0	0	0	0	0	0	0	0	3	1	0	0	0	0	2	0	0	0	0	0	0	0	0	1	0	0	0	0	0	0	1	0	0	0	0	0	0	0	2	0	0	0	0	0	0	0	0	0	0	0	0	0	0	0	0	0	0	0	0	0	0	0	0	0	0	0	0	0	0	0	0	0	0	0	0	0	0	0	0	0	0
0	0	0	0	0	0	0	0	0	0	0	0	0	0	0	0	0	0	0	0	0	0	0	0	0	0	0	0	0	0	0	0	0	0	0	0	0	0	0	0	0	0	0	0	0	0	0	0	0	1	0	0	0	1	0	0	0	0	0	0	0	0	0	0	0	0	0	0	0	0	0	0	0	0	0	0	0	0	0	0	0	0	0	0	0	0	0	0	0	0	0	0	0	0	0	0	0	0	0	0	0	0	0	0	0	0	0	0	0	0	0	0	0	0	0	0	0	0	0	0	0	0	0	0	0	0	0	0	0	0	0	0	0	0	0	0	0	0	0	0	0	0	0	0	0	0	0	0	0	0	0	0	0	0	0	0	0	0	0	0	0	0	0	0	0	0	0	0	0	0	0	0	0	0	0	0	0	0	0	0	0	0	0	0	0	0	0	0	0
0	0	0	0	0	0	0	0	0	0	0	0	0	0	0	0	0	0	0	0	0	0	0	0	0	0	0	0	0	0	0	0	0	0	0	0	0	0	0	0	0	0	0	0	0	0	0	0	0	0	0	0	0	0	0	0	1	0	0	0	0	0	0	0	0	0	0	0	0	0	0	0	0	0	0	0	0	0	0	0	0	0	0	0	0	0	0	0	0	0	0	0	0	0	0	0	0	0	0	0	0	0	0	0	0	0	0	0	0	0	0	0	0	0	0	0	2	0	0	0	0	0	0	0	0	0	0	0	0	0	0	0	1	0	0	0	0	0	0	0	0	0	0	0	0	0	0	0	0	0	0	0	0	0	0	0	0	0	0	0	0	0	0	0	0	0	0	0	0	0	0	0	0	0	0	0	0	0	0	0	0	0	0	0	0	0	0	0	0
0	0	0	1	0	5	0	0	0	0	0	0	0	0	0	0	0	1	0	0	0	0	0	0	0	0	0	0	0	0	0	0	0	0	0	0	0	0	0	0	0	0	0	0	0	0	0	0	0	1	0	0	0	4	0	0	0	0	0	3	0	2	0	0	0	0	0	0	0	4	0	0	0	0	0	0	0	1	0	2	0	0	0	6	0	0	0	0	0	0	0	0	0	0	6	0	0	1	0	0	0	0	0	0	0	0	0	0	0	0	0	0	0	0	0	0	0	1	0	0	0	0	0	1	0	0	0	2	0	0	0	0	0	0	0	0	0	0	0	1	0	2	0	0	0	0	0	0	0	0	0	0	0	0	0	0	0	0	0	0	0	0	0	0	0	0	0	0	0	0	0	0	0	0	0	0	0	0	0	1	0	0	0	0	0	0	0	0	0
1	8	13	178	9	47	0	2	0	83	0	0	0	34	0	2	0	352	16	287	82	233	0	0	0	0	0	9	0	0	0	0	13	15	1	9	1	138	0	5	0	36	0	120	1	84	1	33	0	646	3	51	12	154	0	63	27	62	50	163	1	4	0	3	4	24	11	23	5	47	1	27	5	52	0	149	9	29	0	63	1	3	20	87	0	5	2	3	0	1	0	0	0	6	724	182	7	39	4	42	10	43	25	64	19	126	6	40	0	6	1	25	25	17	0	0	27	132	1	93	0	1	4	32	4	12	8	75	0	0	2	17	3	27	0	9	2	21	5	8	2	23	0	28	0	0	0	16	0	24	0	37	0	54	0	0	0	43	0	1	0	0	0	5	0	0	2	0	0	11	4	0	1	0	0	11	12	4	1	13	20	0	5	0	0	0	0	0	10
5	0	133	7	26	4	0	0	14	6	0	0	1	0	0	0	80	27	328	81	222	71	0	0	0	0	2	0	0	0	0	0	33	0	0	0	65	0	6	0	17	0	23	0	41	4	14	1	167	49	17	0	114	8	13	3	40	7	154	15	10	3	0	1	45	6	34	0	31	1	4	0	41	0	37	10	13	0	20	5	8	0	61	3	5	0	2	0	2	0	5	0	0	0	182	551	42	1	27	2	7	10	42	4	140	4	3	4	3	0	1	3	15	2	0	0	102	6	4	0	0	0	3	2	14	0	4	1	0	0	4	1	22	3	1	0	11	0	13	1	5	0	10	1	0	3	13	2	4	0	0	0	0	0	0	0	0	0	5	0	0	0	3	0	0	0	0	0	9	1	10	1	4	0	5	0	0	0	0	0	10	4	0	0	0	0	0	0	0
0	0	11	0	4	10	0	0	1	0	0	0	0	0	0	0	3	14	11	6	3	3	0	0	0	0	0	0	0	0	0	0	0	0	0	0	0	0	0	0	0	0	0	0	2	0	0	0	6	14	1	0	16	2	2	0	5	0	23	8	3	0	0	2	5	1	0	0	0	1	0	0	0	0	3	0	1	0	8	0	10	0	6	0	1	0	0	0	1	0	0	0	0	0	7	42	4	3	2	4	0	0	3	0	10	0	0	0	0	0	0	0	0	0	0	0	12	0	0	0	0	0	0	0	0	0	1	0	0	0	1	2	5	0	0	0	3	0	0	0	11	0	0	0	0	0	0	0	2	0	0	0	0	0	0	0	0	0	7	0	0	0	0	0	0	0	0	0	2	0	2	0	0	0	0	0	0	0	1	0	0	0	0	0	0	0	0	0	0
0	5	4	40	5	14	0	0	0	19	0	0	0	3	0	0	0	18	0	11	1	38	0	0	0	0	0	3	0	0	0	0	0	2	0	0	0	3	0	0	0	1	0	0	0	1	0	0	0	32	0	14	2	55	0	3	3	9	15	40	2	0	0	3	0	1	0	10	2	9	0	0	0	6	0	11	0	6	1	12	1	4	2	23	0	6	0	0	0	12	0	0	0	1	39	1	3	10	2	19	2	0	0	6	0	3	0	1	0	0	0	2	0	0	0	0	9	29	0	15	0	0	3	3	0	4	1	5	0	0	0	5	6	6	0	2	0	2	0	7	0	0	0	1	0	1	0	5	0	3	0	0	0	7	0	0	0	3	0	1	0	0	0	0	0	0	0	0	0	0	0	0	0	0	0	0	0	1	0	0	0	0	0	0	0	0	0	0	0
1	0	11	3	5	0	0	0	0	3	0	0	0	0	0	0	0	0	0	4	6	3	0	0	0	0	0	0	0	0	0	0	3	0	0	0	0	0	0	0	0	0	0	0	1	0	0	0	0	2	0	0	21	7	2	0	11	2	24	4	8	0	0	0	1	0	1	1	3	0	0	0	0	0	2	0	2	3	7	6	1	1	16	4	16	0	1	0	0	0	0	0	0	0	4	27	2	2	1	1	0	0	0	1	0	0	0	0	0	0	0	0	0	0	0	0	16	1	0	0	0	0	4	8	3	0	1	0	0	0	1	1	6	3	0	0	0	0	0	1	9	1	0	0	0	0	4	0	0	1	0	0	0	0	0	0	0	0	1	0	0	0	0	0	0	0	0	0	0	2	4	0	0	0	0	0	0	0	0	0	1	0	0	0	0	0	0	0	0
0	0	7	9	0	16	0	0	0	6	0	0	0	0	0	0	0	16	0	2	1	5	0	0	0	0	0	0	0	0	0	0	0	0	0	0	0	0	0	0	0	1	0	0	0	6	0	0	0	10	0	1	2	17	0	5	3	15	2	25	0	0	0	3	0	3	0	0	0	7	0	1	0	2	0	1	1	6	0	18	1	2	0	9	4	2	0	2	0	0	0	0	0	0	42	2	4	19	1	0	0	1	0	0	0	2	0	6	0	0	0	0	0	0	0	0	0	39	0	0	0	0	0	1	0	2	0	1	0	0	0	2	0	2	0	0	0	4	0	0	0	7	0	10	0	0	0	0	0	0	0	0	0	0	0	0	0	0	0	0	0	0	0	1	0	0	0	0	0	0	0	0	0	0	0	1	8	0	0	0	0	0	0	0	0	0	0	0	0
0	0	13	0	0	0	0	0	0	0	0	0	0	0	0	0	0	0	7	7	3	0	0	0	0	0	2	0	0	0	0	0	9	0	0	0	4	0	0	0	0	0	0	0	0	0	0	0	0	2	3	0	0	0	0	0	0	0	1	0	0	0	0	0	3	0	10	0	10	0	0	0	1	0	0	0	0	0	0	0	0	0	0	0	0	0	0	0	0	0	0	0	0	0	10	7	0	2	0	0	0	2	1	0	1	0	2	0	0	0	0	0	0	0	0	0	3	0	1	0	0	0	0	0	3	0	0	0	0	0	0	0	6	0	0	0	0	0	6	0	0	0	0	0	0	0	0	0	0	0	0	0	0	0	0	0	0	0	0	0	0	0	0	0	0	0	0	0	0	0	0	1	0	0	0	0	0	0	0	0	0	0	0	0	0	0	0	0	0
0	0	1	12	0	1	0	0	0	1	0	0	0	0	0	0	0	3	0	7	6	3	0	0	0	0	0	3	0	0	0	0	0	1	0	0	0	0	0	0	0	0	0	0	0	2	0	2	0	13	0	8	1	4	0	0	2	4	1	1	0	0	0	0	0	0	0	1	0	5	0	0	0	0	0	5	1	4	2	3	0	1	3	1	0	0	0	0	1	0	0	0	0	0	43	10	0	0	0	1	2	0	1	3	2	0	0	0	0	0	0	1	0	1	0	0	1	8	0	4	0	0	1	2	0	1	0	7	0	0	1	0	0	2	0	0	0	2	0	1	0	0	0	0	0	0	0	0	0	0	0	0	0	5	0	0	0	0	0	0	0	0	0	0	0	0	0	0	0	0	0	0	0	0	0	0	2	0	0	0	2	0	0	0	0	0	0	0	0
1	0	36	0	0	4	0	0	2	1	0	0	0	0	0	0	9	5	7	15	16	3	0	0	0	0	1	0	0	0	0	0	21	0	0	0	0	0	0	0	0	0	0	0	0	6	0	1	3	8	15	0	10	0	0	0	6	1	8	1	0	0	0	0	8	0	17	0	19	0	0	0	3	0	1	0	2	0	6	0	2	0	2	1	4	0	0	0	0	0	0	0	0	0	25	42	3	0	0	0	1	1	2	4	5	0	1	0	0	0	0	0	0	1	0	0	9	2	8	0	0	0	0	0	0	0	2	0	0	0	2	0	13	0	1	0	1	0	9	0	0	0	1	0	0	0	0	0	3	0	0	0	0	0	0	0	0	0	0	0	0	0	0	0	0	0	0	0	0	0	0	0	1	0	0	0	0	0	0	0	1	0	0	0	0	0	0	0	0
0	1	1	14	2	3	0	0	0	2	0	0	0	0	0	0	0	30	0	2	6	5	0	0	0	0	0	3	0	0	0	0	0	1	0	0	0	3	0	0	0	0	0	4	0	3	0	1	0	37	0	4	1	11	0	0	6	2	5	4	0	0	0	0	0	4	0	3	1	13	0	0	0	0	0	8	0	1	0	5	0	0	3	8	0	0	0	0	1	1	0	0	0	0	64	4	0	6	1	0	0	3	4	0	1	3	1	0	0	0	0	0	0	0	0	0	1	8	0	15	0	0	0	2	0	4	1	4	0	0	0	0	0	1	0	1	0	0	0	0	0	2	0	4	0	0	0	1	0	1	0	0	0	9	0	0	0	0	0	0	0	0	0	0	0	0	0	0	0	1	1	0	0	0	0	1	1	0	0	0	0	0	0	0	0	0	0	0	0
0	0	4	0	2	0	0	0	0	0	0	0	0	0	0	0	8	2	36	11	36	13	0	0	0	0	0	0	0	0	0	0	1	0	0	0	0	0	0	0	0	0	0	0	10	3	0	0	7	12	0	0	11	1	1	0	0	0	5	0	0	0	0	0	5	0	0	0	0	0	0	0	1	0	1	0	0	0	1	0	3	0	10	0	0	0	0	0	0	0	0	0	0	0	19	140	10	0	0	0	1	2	5	1	27	1	2	0	0	0	0	0	0	0	0	0	16	0	1	0	0	0	0	0	0	0	0	0	0	0	0	0	0	0	0	0	2	0	0	0	0	0	0	0	0	0	1	0	0	0	0	0	0	0	0	0	0	0	1	0	0	0	0	0	0	0	0	0	0	0	0	0	0	0	0	0	0	0	0	0	8	0	0	0	0	0	0	0	0
0	0	1	19	0	0	0	0	0	0	0	0	0	4	0	0	0	18	0	17	2	20	0	0	0	0	0	0	0	0	0	0	0	0	0	5	0	24	0	0	0	29	0	12	0	2	0	3	0	44	0	4	0	11	0	2	0	3	2	9	0	0	0	0	0	0	0	1	0	2	0	0	0	2	0	12	0	4	0	7	0	0	2	2	0	0	0	2	0	1	0	0	0	0	126	4	0	3	0	2	0	0	0	3	1	2	0	10	0	1	0	3	0	0	0	0	0	9	0	4	0	0	0	3	0	2	0	0	0	0	0	0	0	3	0	0	0	2	0	2	0	2	0	1	0	0	0	8	0	2	0	4	0	1	0	0	0	0	0	1	0	0	0	0	0	0	0	0	0	1	0	0	0	0	0	0	0	1	0	1	0	0	0	0	0	0	0	0	0
0	0	1	0	0	0	0	0	0	0	0	0	0	0	0	0	0	0	0	2	0	2	0	0	0	0	0	0	0	0	0	0	1	0	0	0	1	0	0	0	0	0	0	0	0	0	0	0	0	0	0	0	0	0	0	0	0	0	0	0	0	0	0	0	0	0	1	0	1	0	0	0	0	0	0	0	0	0	0	0	0	0	0	0	0	0	0	0	0	0	0	0	0	0	6	3	0	0	0	0	2	0	1	1	2	0	0	0	1	0	0	1	0	0	0	0	1	0	0	0	0	0	0	0	0	0	0	0	0	0	0	0	1	0	0	0	0	0	2	0	0	0	0	0	0	0	0	0	0	0	0	0	0	0	0	0	0	0	0	0	0	0	0	0	0	0	0	0	0	0	0	0	0	0	0	0	0	0	0	0	1	0	0	0	0	0	0	0	0
0	0	0	2	0	3	0	0	0	1	0	0	0	1	0	0	0	6	1	7	1	4	0	0	0	0	0	0	0	0	0	0	0	0	0	0	0	0	0	0	0	0	0	0	0	0	0	0	0	10	0	0	0	3	0	0	0	0	0	3	0	0	0	0	0	1	0	1	0	1	0	0	0	0	0	1	0	0	0	0	0	0	0	0	0	0	0	0	0	0	0	0	0	0	40	4	0	1	0	6	0	0	0	0	0	10	0	0	0	1	0	0	0	0	0	0	0	1	0	1	0	0	0	0	0	0	0	2	0	0	0	0	0	0	0	2	0	0	0	0	0	0	0	1	0	0	0	0	0	0	0	0	0	1	0	0	0	0	0	0	0	0	0	0	0	0	0	0	0	0	0	0	0	0	0	0	0	0	0	0	0	0	0	0	0	0	0	0	0
0	0	0	0	0	0	0	0	0	0	0	0	0	0	0	0	0	0	1	0	0	1	0	0	0	0	0	0	0	0	0	0	0	0	0	0	0	0	0	0	0	0	0	0	0	0	0	0	0	0	0	0	0	0	0	0	0	0	0	0	0	0	0	0	0	0	0	0	0	0	0	0	0	0	0	0	0	0	0	0	0	0	0	0	0	0	0	0	0	0	0	0	0	0	0	3	0	0	0	0	0	0	0	0	0	0	1	0	0	0	0	0	0	0	0	0	0	0	0	0	0	0	0	0	0	0	0	0	0	0	0	0	0	0	0	0	0	0	0	0	0	0	0	0	0	0	0	0	0	0	0	0	0	0	0	0	0	0	0	0	0	0	0	0	0	0	0	0	0	0	0	0	0	0	0	0	0	0	0	0	1	0	0	0	0	0	0	0	0
0	0	0	0	0	0	0	0	0	0	0	0	0	0	0	0	0	2	0	0	0	2	0	0	0	0	0	0	0	0	0	0	0	0	0	0	0	3	0	0	0	0	0	1	0	0	0	0	0	2	0	0	0	0	0	0	0	0	0	0	0	0	0	0	0	0	0	0	0	0	0	0	0	0	0	0	0	0	0	0	0	0	0	0	0	0	0	0	0	0	0	0	0	0	6	0	0	0	0	0	0	0	0	0	0	1	0	1	0	0	0	0	0	0	0	0	0	0	0	0	0	0	0	0	0	0	0	0	0	0	0	0	0	0	0	0	0	0	0	0	0	0	0	0	0	0	0	0	0	0	0	0	0	0	0	0	0	0	0	0	0	0	0	0	0	0	0	0	0	0	0	0	0	0	0	0	0	0	0	0	0	0	0	0	0	0	0	0	0
0	0	1	0	0	0	0	0	0	0	0	0	0	0	0	0	0	0	1	0	2	3	0	0	0	0	0	0	0	0	0	0	0	0	0	0	0	0	0	0	0	0	0	0	0	0	0	0	1	0	0	0	8	0	0	0	0	0	4	0	0	0	0	0	1	0	0	0	0	0	0	0	0	0	0	0	0	0	0	0	0	0	0	0	0	0	0	0	0	0	0	0	0	0	1	1	0	0	0	0	0	0	0	0	0	0	0	0	0	0	0	0	5	0	0	0	2	0	0	0	0	0	0	0	0	0	0	0	0	0	0	0	0	0	0	0	0	0	0	0	0	0	0	0	0	0	0	0	0	0	0	0	0	0	0	0	0	0	0	0	0	0	0	0	0	0	0	0	0	0	0	0	0	0	0	0	0	0	0	0	1	0	0	0	0	0	0	0	0
0	5	0	3	1	0	0	0	0	1	0	0	0	0	0	0	0	0	0	2	3	2	0	0	0	0	0	0	0	0	0	0	0	2	0	0	0	0	0	0	0	0	0	0	0	0	0	1	0	0	0	0	0	0	0	0	1	0	0	2	0	0	0	0	0	1	0	2	0	1	0	0	0	0	0	0	0	0	0	1	0	0	0	0	0	0	0	0	0	0	0	0	0	0	25	3	0	2	0	0	0	1	0	0	0	3	1	0	0	0	0	0	0	1	0	0	0	1	0	3	0	0	0	0	0	1	0	1	0	0	0	0	0	0	0	0	0	0	0	0	0	0	0	0	0	0	0	0	0	0	0	0	0	1	0	0	0	0	0	0	0	0	0	0	0	0	0	0	0	0	0	0	0	0	0	2	0	0	0	0	0	0	0	0	0	0	0	0	0
0	0	0	0	0	0	0	0	0	0	0	0	0	0	0	0	0	0	1	0	1	2	0	0	0	0	0	0	0	0	0	0	0	0	0	0	0	0	0	0	0	0	0	0	0	0	1	0	0	0	0	0	0	0	0	0	0	0	0	0	0	1	0	0	0	0	0	0	0	0	0	0	0	0	0	0	1	0	0	0	0	0	0	0	0	0	0	0	0	0	0	0	0	0	25	15	0	0	0	0	0	0	0	0	0	0	0	0	0	0	5	0	0	0	0	0	0	0	0	0	0	0	0	0	0	0	0	0	0	0	0	0	0	0	0	0	0	0	0	0	0	0	0	0	0	0	0	0	0	0	0	0	0	0	0	0	0	0	0	0	0	0	0	0	0	0	0	0	0	0	0	0	0	0	0	0	0	0	0	0	0	0	0	0	0	0	0	0	0
0	2	0	2	0	0	0	0	0	0	0	0	0	0	0	0	0	0	1	0	4	4	0	0	0	0	0	0	0	0	0	0	0	0	0	0	0	0	0	0	0	0	0	0	0	0	0	0	0	0	0	1	0	0	0	0	0	1	0	0	0	0	0	0	0	0	0	1	0	3	0	0	0	0	0	0	0	0	0	0	0	0	0	1	0	0	0	0	0	0	0	0	0	0	17	2	0	0	0	0	0	1	1	0	0	0	0	0	0	0	0	1	0	2	0	0	0	1	0	0	0	0	0	1	0	0	0	1	0	0	0	1	0	0	0	0	0	0	0	0	0	0	0	0	0	0	0	0	0	0	0	0	0	1	0	0	0	0	0	0	0	0	0	0	0	0	0	0	0	0	0	0	0	0	0	0	0	0	0	0	0	0	0	0	0	0	0	0	0
0	0	0	0	0	0	0	0	0	0	0	0	0	0	0	0	0	0	0	0	0	0	0	0	0	0	0	0	0	0	0	0	0	0	0	0	0	0	0	0	0	0	0	0	0	0	0	0	0	0	0	0	0	0	0	0	0	0	0	0	0	0	0	0	0	0	0	0	0	0	0	0	0	0	0	0	0	0	0	0	0	0	0	0	0	0	0	0	0	0	0	0	0	0	0	0	0	0	0	0	0	0	0	0	0	0	0	0	0	0	0	0	0	0	0	0	0	0	0	0	0	0	0	0	0	0	0	0	0	0	0	0	0	0	0	0	0	0	0	0	0	0	0	0	0	0	0	0	0	0	0	0	0	0	0	0	0	0	0	0	0	0	0	0	0	0	0	0	0	0	0	0	0	0	0	0	0	0	0	0	0	0	0	0	0	0	0	0	0
0	0	0	0	0	0	0	0	0	0	0	0	0	0	0	0	0	0	0	0	0	0	0	0	0	0	0	0	0	0	0	0	0	0	0	0	0	0	0	0	0	0	0	0	0	0	0	0	0	0	0	0	0	0	0	0	0	0	0	0	0	0	0	0	0	0	0	0	0	0	0	0	0	0	0	0	0	0	0	0	0	0	0	0	0	0	0	0	0	0	0	0	0	0	0	0	0	0	0	0	0	0	0	0	0	0	0	0	0	0	0	0	0	0	0	0	0	0	0	0	0	0	0	0	0	0	0	0	0	0	0	0	0	0	0	0	0	0	0	0	0	0	0	0	0	0	0	0	0	0	0	0	0	0	0	0	0	0	0	0	0	0	0	0	0	0	0	0	0	0	0	0	0	0	0	0	0	0	0	0	0	0	0	0	0	0	0	0	0
25	0	130	19	27	7	10	0	22	6	2	0	14	2	5	0	27	4	34	7	50	7	2	0	0	0	20	0	2	0	0	0	14	1	0	0	11	0	0	0	0	0	0	0	8	3	0	0	26	21	23	0	96	49	5	0	64	14	111	22	7	0	2	0	10	6	30	3	23	15	13	0	2	0	9	1	16	0	21	6	13	2	33	6	1	0	6	0	1	2	3	0	2	0	27	102	12	9	16	0	3	1	9	1	16	0	1	0	0	0	2	0	0	0	0	0	18	28	23	0	8	0	6	6	24	1	7	1	4	0	5	9	17	2	0	0	10	0	33	2	19	0	6	1	0	1	3	0	18	2	8	0	0	0	8	0	0	0	1	0	2	0	0	0	0	0	0	0	1	0	10	3	2	0	3	0	0	0	0	0	0	8	0	0	0	1	0	3	0
0	1	30	127	16	51	0	13	3	59	0	9	0	13	0	11	0	47	0	53	4	113	0	1	0	1	0	6	0	0	0	0	1	26	0	5	0	11	0	1	0	1	0	2	1	12	0	3	1	68	0	31	20	166	0	26	42	52	42	112	5	10	0	6	0	13	5	9	7	55	1	3	0	6	0	10	4	52	4	28	6	1	8	88	0	6	2	5	0	39	1	0	0	1	132	6	0	29	1	39	0	8	2	8	0	9	0	1	0	0	0	1	0	1	0	0	28	36	0	26	0	4	3	28	0	13	2	52	0	2	2	41	14	8	0	6	0	10	4	14	3	3	0	12	0	1	0	30	0	17	0	21	0	9	0	1	0	4	0	2	0	1	0	2	0	0	0	0	0	2	10	0	0	0	0	10	13	3	0	5	4	0	8	0	7	0	0	0	1
4	0	41	0	6	0	2	0	9	0	1	0	1	0	0	0	0	0	0	0	8	0	0	0	0	0	4	0	1	0	0	0	8	0	0	0	0	0	0	0	0	0	0	0	0	0	0	0	0	0	39	0	16	0	0	0	18	0	5	0	0	0	0	0	0	0	8	0	6	0	0	0	0	0	0	0	0	0	7	0	0	0	7	0	0	0	0	0	0	0	0	0	0	0	1	4	0	0	0	0	1	0	8	0	1	0	0	0	0	0	0	0	0	0	0	0	23	0	10	0	5	0	1	0	0	0	1	0	5	0	15	0	32	0	3	0	0	0	2	0	0	0	0	0	0	0	0	0	4	0	0	0	2	0	12	0	0	0	0	0	0	0	0	0	0	0	0	0	0	0	0	6	0	0	0	0	0	0	0	0	0	1	0	0	0	0	0	0	0
0	0	0	45	0	4	0	44	0	94	0	4	0	7	0	25	0	84	0	44	0	66	0	5	0	9	0	13	0	3	0	14	0	5	0	6	0	1	0	0	0	0	0	0	0	0	0	2	0	67	0	34	0	110	0	69	0	5	0	15	0	0	0	0	0	0	0	7	0	8	0	44	0	14	0	15	0	1	0	10	0	0	0	3	0	0	0	0	0	0	0	0	0	0	93	0	0	15	0	0	0	4	0	15	0	4	0	1	0	0	0	3	0	0	0	0	0	26	0	29	0	3	0	0	0	2	0	16	0	3	0	4	0	26	0	11	0	23	0	0	0	0	0	8	0	0	0	12	0	37	0	20	0	10	0	26	0	1	0	1	0	0	0	0	0	0	0	0	0	0	0	0	0	0	0	2	4	5	0	0	7	0	2	0	27	0	1	0	0
0	0	1	0	3	0	4	0	4	0	0	0	0	0	0	0	0	0	0	0	0	0	0	0	0	0	3	0	0	0	5	0	0	0	0	0	0	0	0	0	0	0	0	0	0	0	0	0	0	0	9	0	4	0	0	0	2	0	0	0	0	0	0	0	0	0	1	0	0	0	0	0	0	0	0	0	0	0	0	0	0	0	4	0	0	0	0	0	0	0	0	0	0	0	0	0	0	0	0	0	0	0	0	0	0	0	0	0	0	0	0	0	0	0	0	0	8	0	5	0	2	0	0	0	0	0	3	0	0	0	0	0	5	0	1	0	0	0	0	0	0	0	0	0	0	0	0	0	3	0	0	0	2	0	4	0	0	0	0	0	0	0	0	0	0	0	0	0	0	0	0	1	0	0	0	0	0	0	0	0	0	0	0	0	0	0	0	0	0
0	0	0	2	0	0	0	2	0	27	0	2	0	0	0	11	0	20	0	0	0	0	0	1	0	1	0	0	0	0	0	0	0	1	0	0	0	0	0	0	0	0	0	0	0	0	0	0	0	8	0	2	0	33	0	11	0	0	0	10	0	0	0	0	0	0	0	0	0	0	0	9	0	2	0	7	0	1	0	8	0	0	0	0	0	0	0	0	0	0	0	0	0	0	1	0	0	0	0	0	0	0	0	0	0	0	0	0	0	0	0	0	0	0	0	0	0	4	0	3	0	3	0	0	0	0	0	1	0	1	0	0	0	1	0	16	0	18	0	0	0	0	0	5	0	0	0	4	0	29	0	3	0	1	0	2	0	0	0	0	0	0	0	0	0	0	0	0	0	0	0	0	0	0	0	0	1	6	0	0	0	0	1	0	5	0	0	0	0
4	0	51	27	7	1	0	0	2	22	0	0	0	3	0	0	1	4	0	3	5	6	0	0	0	0	2	0	0	0	0	0	18	2	0	0	0	0	0	0	0	0	0	0	0	2	0	0	0	8	3	0	17	14	0	2	51	9	35	11	14	7	0	0	0	0	14	5	30	6	0	0	0	0	0	2	8	3	8	13	6	1	30	9	2	1	0	0	1	2	2	0	0	0	4	3	0	3	4	0	0	1	0	0	0	0	0	0	0	0	0	0	0	0	0	0	6	3	1	0	0	0	5	4	31	2	5	1	0	0	8	1	11	3	1	1	0	0	8	1	1	0	0	8	0	2	1	2	1	2	0	0	0	0	0	0	0	1	0	0	0	0	0	0	0	0	0	0	0	0	6	0	1	0	0	3	0	0	0	5	0	0	0	0	0	0	0	0	0
0	0	5	55	15	10	0	0	0	6	0	0	0	1	0	1	0	42	0	3	0	6	0	0	0	0	0	0	0	0	0	0	1	7	0	0	0	0	0	0	0	0	0	0	0	1	0	0	0	17	0	8	3	35	0	18	14	11	6	25	8	3	1	0	0	0	0	1	1	18	0	1	0	0	0	6	3	11	0	22	0	10	7	26	0	0	0	0	0	3	0	0	0	1	32	2	0	3	8	1	0	2	0	2	0	3	0	0	0	0	0	0	0	1	0	0	6	28	0	0	0	0	4	13	0	2	3	5	0	0	3	10	0	1	0	0	0	7	0	0	1	9	0	15	0	1	0	0	0	11	0	1	0	0	0	0	0	1	0	1	0	0	0	0	0	0	0	0	0	0	3	0	0	0	0	4	0	0	0	2	1	0	0	0	0	0	0	0	0
2	4	50	0	5	0	0	0	1	0	0	0	0	0	0	0	0	0	0	0	6	0	0	0	0	0	0	0	0	0	0	0	31	2	0	0	0	0	0	0	0	0	0	0	0	0	0	0	0	0	1	0	22	1	0	0	16	0	22	0	2	0	0	0	1	0	15	0	23	0	1	0	0	0	11	0	13	1	8	0	6	0	38	0	0	0	0	0	1	0	0	0	0	0	4	14	0	0	3	0	3	0	0	0	0	0	0	0	0	0	0	0	0	0	0	0	24	0	0	0	0	0	31	0	0	0	8	1	0	0	6	0	2	0	0	0	4	0	11	0	1	0	3	0	2	0	0	0	5	0	0	0	0	0	0	0	0	0	0	0	0	0	0	0	0	0	0	0	0	0	2	31	0	0	0	0	0	0	0	0	0	0	0	0	0	0	0	0	0
0	1	11	16	1	5	0	0	9	25	0	0	0	4	0	0	0	9	0	23	0	8	0	0	0	0	0	0	0	0	0	0	2	1	0	1	0	3	0	0	0	0	0	0	0	0	0	1	0	12	0	12	1	23	0	4	12	25	4	21	2	0	0	0	0	0	1	0	4	12	0	12	0	1	2	0	1	14	5	5	1	0	4	6	0	0	0	0	0	0	0	0	0	0	12	0	0	4	0	2	0	1	0	4	0	2	0	0	0	0	0	1	0	0	0	0	1	13	0	2	0	0	2	2	0	0	0	12	0	0	0	15	0	34	0	2	1	4	2	0	1	0	0	3	0	0	0	34	0	11	0	6	0	9	0	0	0	0	0	1	0	0	0	0	0	0	0	0	0	0	0	1	0	0	0	4	0	15	0	0	3	0	0	0	0	0	0	0	2
11	0	46	14	3	1	3	0	15	1	0	0	1	0	0	0	0	1	0	1	3	2	0	0	0	0	0	0	0	0	0	0	20	1	0	0	0	0	0	0	0	0	0	0	0	0	0	0	0	0	6	0	24	10	0	1	67	14	24	8	17	0	0	0	0	0	15	14	37	4	4	0	0	0	2	0	12	2	23	1	6	0	21	3	0	0	0	0	1	0	0	0	0	0	8	4	1	1	1	0	0	0	2	1	0	0	0	0	0	0	0	0	0	0	0	0	7	2	1	0	3	0	5	3	8	0	5	2	0	0	4	1	4	5	1	1	2	0	21	0	3	0	0	0	1	0	0	3	7	3	0	0	0	0	5	0	0	0	0	0	0	0	0	0	0	0	0	0	0	0	15	13	1	0	0	1	0	0	0	1	1	2	0	0	0	0	0	0	0
0	16	5	40	3	22	0	2	12	46	0	1	0	12	0	7	0	51	0	68	0	24	0	0	0	1	0	10	0	0	0	0	0	2	0	0	0	1	0	0	0	0	0	0	0	1	0	2	0	32	0	23	5	40	1	33	9	33	4	32	2	5	0	0	0	0	0	4	1	20	0	13	0	9	0	5	2	12	19	14	2	4	5	26	0	0	0	1	0	4	0	0	0	2	75	1	0	5	0	1	0	7	0	4	0	0	0	2	0	0	0	1	0	1	0	0	1	52	0	16	0	1	1	5	1	12	2	1	0	0	1	13	0	25	1	9	0	10	0	3	0	2	1	10	5	1	0	50	0	13	0	11	0	1	0	0	0	0	0	0	0	0	0	0	0	0	0	0	0	0	0	0	0	0	0	5	5	1	0	0	4	0	0	0	1	0	0	0	1
0	0	2	0	0	0	4	0	0	0	0	0	0	0	0	0	0	0	0	0	0	0	1	0	1	0	3	0	0	0	0	0	0	0	0	0	0	0	0	0	0	0	0	0	0	0	0	0	0	0	3	0	7	0	0	0	2	0	0	0	0	0	0	0	0	0	0	0	0	0	0	0	0	0	0	0	0	0	0	0	0	0	3	0	0	0	0	0	0	0	0	0	0	0	0	0	0	0	0	0	0	0	0	0	0	0	0	0	0	0	0	0	0	0	0	0	4	0	5	0	0	0	0	0	0	0	0	0	0	0	3	0	0	0	0	0	0	0	0	0	0	0	0	0	0	0	0	0	0	0	0	0	0	0	1	0	0	0	0	0	0	0	0	0	0	0	0	0	0	0	0	0	0	0	0	0	0	0	0	0	0	0	0	0	0	3	0	0	0
0	0	0	2	0	0	0	2	0	3	0	1	0	1	0	3	0	0	0	0	0	0	0	1	0	2	0	3	0	0	0	1	0	0	0	0	0	0	0	0	0	0	0	0	0	0	0	0	0	3	0	1	0	12	0	1	0	0	0	0	0	0	0	0	0	0	0	0	0	0	0	3	0	0	0	0	0	0	0	0	0	0	0	0	0	0	0	0	0	0	0	0	0	0	0	0	0	0	0	0	0	0	0	0	0	0	0	0	0	0	0	0	0	0	0	0	0	2	0	3	0	1	0	0	0	0	0	0	0	0	0	0	0	0	0	0	0	3	0	0	0	0	0	0	0	0	0	1	0	1	0	2	0	0	0	0	0	0	0	0	0	0	0	0	0	0	0	0	0	0	0	0	0	0	0	0	0	1	0	0	0	0	1	0	0	0	0	0	0
4	0	55	5	7	10	0	0	7	2	0	0	1	0	0	0	0	1	0	0	5	0	0	0	0	0	0	0	0	0	0	0	28	0	0	0	0	0	0	0	0	0	0	0	0	0	0	0	0	5	7	0	8	3	1	3	35	1	12	13	4	3	0	0	0	0	8	0	8	0	0	0	0	0	1	0	12	0	15	16	5	7	14	6	0	0	0	0	0	0	0	0	0	0	2	4	1	0	1	0	0	1	2	0	0	0	0	0	0	0	0	0	0	0	0	0	5	2	15	0	0	0	8	3	6	0	4	1	3	0	1	1	2	0	4	0	12	3	4	1	1	0	1	0	0	1	1	1	7	0	0	0	0	0	0	0	0	0	0	0	0	0	0	0	0	0	0	0	0	0	6	3	2	0	0	0	0	0	0	0	0	0	0	0	0	0	0	0	0
0	1	3	35	1	10	0	0	0	22	0	0	0	2	0	1	0	30	0	0	1	4	0	0	0	0	0	0	0	0	0	0	0	12	0	1	0	6	0	0	0	0	0	1	0	5	0	0	0	15	0	8	4	29	0	6	8	26	9	44	0	4	0	0	2	0	0	3	1	25	1	10	0	0	0	7	5	13	1	18	2	6	6	28	0	0	0	0	0	2	1	0	0	0	17	1	2	5	1	2	0	0	0	0	0	0	0	0	0	0	0	0	0	1	0	0	9	41	0	4	0	0	1	10	0	15	1	13	0	0	1	3	2	1	0	0	0	4	1	10	0	2	0	7	2	1	0	10	0	1	0	7	0	0	0	0	0	0	0	1	0	1	0	1	0	0	0	0	0	0	1	0	0	0	0	3	3	3	0	2	1	0	0	0	0	0	0	0	1
8	0	42	6	13	2	21	0	32	2	11	0	1	0	1	0	3	1	1	0	27	1	0	0	0	0	8	0	4	0	0	0	8	0	0	0	0	0	0	0	0	0	0	0	2	0	0	0	0	7	38	0	50	14	2	0	16	6	31	8	2	2	0	0	2	1	13	0	9	2	4	0	0	0	1	0	3	0	11	2	4	0	12	2	0	0	0	0	4	0	0	0	1	0	3	22	5	6	6	0	6	0	13	0	0	0	1	0	0	0	0	0	0	0	0	0	17	14	32	0	5	0	11	0	2	0	4	0	0	0	2	2	6	0	5	0	5	1	8	0	4	0	4	1	0	0	1	0	8	2	0	0	0	0	17	0	0	0	2	0	2	0	0	0	0	0	0	0	0	1	2	4	0	0	0	3	0	0	0	0	0	2	0	0	0	1	0	0	0
0	5	16	72	0	19	0	5	2	18	0	1	0	2	0	0	0	22	0	23	4	12	0	0	0	4	0	4	0	0	0	0	0	9	0	1	0	2	0	0	0	0	0	2	0	3	0	2	0	31	0	37	12	45	0	4	9	24	38	44	0	1	0	0	0	0	0	9	6	43	10	12	0	1	0	11	0	20	5	14	4	2	26	19	0	0	0	0	0	1	0	0	0	0	27	3	0	6	3	2	0	2	0	1	0	3	0	0	0	0	0	0	0	0	0	0	2	8	0	26	0	1	3	1	0	34	5	25	0	0	0	1	0	3	4	0	4	14	0	26	1	1	12	1	0	0	0	13	0	4	0	2	0	11	0	1	0	1	0	2	0	3	0	0	0	0	0	0	0	0	4	0	0	0	0	8	5	0	0	0	0	0	1	0	0	0	1	0	0
5	0	13	1	2	0	0	0	3	0	1	0	0	0	0	0	0	0	0	0	2	0	0	0	0	0	2	0	0	0	0	0	1	0	0	0	0	0	0	0	0	0	0	0	0	0	0	0	0	1	8	0	6	0	0	0	10	1	1	0	1	0	0	0	0	0	2	0	6	0	0	0	0	0	1	0	0	0	0	0	0	0	4	0	0	0	0	0	0	0	0	0	0	0	0	1	0	0	0	0	0	0	1	0	0	0	0	0	0	0	0	0	0	0	0	0	0	0	3	0	1	0	1	0	0	0	1	1	0	0	4	0	5	4	0	0	0	0	1	0	0	0	0	0	1	0	0	0	2	0	0	0	0	0	0	0	0	0	0	0	0	0	0	0	0	0	0	0	0	0	1	0	1	0	1	0	0	0	0	0	0	0	0	0	0	0	0	0	0
0	0	0	14	0	5	0	6	0	43	0	22	0	16	0	6	0	12	0	2	0	2	0	1	0	4	0	0	0	21	0	1	0	11	0	6	0	3	0	4	0	0	0	2	0	0	0	0	0	15	0	32	0	63	0	17	2	5	1	4	1	0	0	0	0	1	0	2	0	2	0	13	0	4	0	6	0	4	0	9	0	0	0	4	0	0	0	0	0	0	0	0	0	0	9	0	0	2	0	0	0	0	0	1	0	0	0	2	0	0	0	0	0	0	0	0	0	6	0	11	0	16	1	0	0	2	1	9	0	0	0	0	0	0	0	3	0	15	0	0	0	0	0	3	0	0	0	4	0	32	0	1	0	1	0	5	0	0	0	0	0	0	0	0	0	0	0	0	0	0	0	0	0	0	0	7	10	3	0	0	0	0	5	0	7	0	8	0	5
2	0	32	2	4	0	0	0	19	0	1	0	3	0	0	0	2	1	5	2	5	1	6	0	6	0	0	0	0	0	0	0	0	0	1	0	0	0	2	0	0	0	0	0	0	0	0	0	1	0	2	0	10	0	3	0	22	1	12	1	6	0	0	0	0	0	1	0	18	0	3	0	0	0	1	0	2	0	14	2	3	0	12	0	0	0	2	0	0	0	0	0	0	0	2	11	3	0	0	0	0	0	1	0	2	0	0	0	0	0	0	0	0	0	0	0	10	0	0	0	0	0	0	0	4	1	2	0	0	0	12	0	5	4	0	0	2	0	4	0	1	0	2	0	0	0	2	0	1	0	2	0	0	0	0	0	0	0	0	0	0	0	0	0	0	0	0	0	0	0	1	0	3	0	1	0	0	0	0	0	2	1	0	0	0	5	0	0	0
0	0	5	23	0	9	0	18	0	80	0	32	0	24	0	21	0	22	0	2	0	3	0	2	0	17	0	2	0	23	0	5	0	3	0	33	0	41	0	13	0	5	0	10	1	5	0	0	0	43	0	12	0	99	0	44	2	9	1	18	0	3	0	0	0	0	0	0	0	11	0	40	0	0	1	9	0	6	3	20	0	1	7	19	0	0	0	0	0	0	0	0	0	0	21	0	0	2	0	4	0	2	0	0	0	2	0	0	0	0	0	0	0	0	0	0	0	10	0	23	0	18	0	7	0	4	0	10	0	3	3	4	1	14	0	15	0	12	0	2	0	2	0	4	0	0	0	12	0	27	0	11	0	0	0	8	0	4	0	0	0	0	0	0	0	0	0	0	0	0	0	0	0	0	0	5	0	5	0	2	0	0	10	0	28	0	22	0	16
18	2	43	5	11	0	0	0	0	3	0	0	0	0	0	0	0	0	3	1	23	3	0	0	0	0	1	0	0	0	0	0	23	4	0	0	0	0	0	0	0	0	0	0	2	0	0	0	0	1	7	0	15	4	0	0	46	3	13	3	0	0	0	0	0	0	22	4	15	4	0	0	0	0	2	0	18	0	8	3	2	0	39	1	0	0	0	0	0	0	1	0	0	0	5	13	0	0	0	0	6	0	9	0	0	0	2	0	0	0	0	0	0	0	0	0	33	4	2	0	0	0	8	0	11	2	21	0	0	0	4	1	8	0	1	0	4	0	7	0	4	0	2	0	0	0	1	0	1	1	0	0	3	0	0	0	0	0	0	0	0	0	0	0	0	0	0	0	0	0	6	12	1	0	0	0	0	0	0	0	0	0	0	0	0	0	0	0	0
0	0	2	31	2	7	0	0	0	17	0	0	0	3	0	0	0	6	0	21	1	7	0	0	0	0	0	0	0	0	0	0	0	0	0	0	0	2	0	0	0	1	0	0	0	4	0	0	0	10	0	7	1	16	0	9	2	21	5	14	0	1	0	0	0	0	0	0	1	13	0	2	0	0	0	4	1	7	0	6	2	0	3	21	0	0	0	0	0	0	0	0	0	1	8	1	0	7	1	0	0	1	0	0	0	2	0	0	0	0	0	0	0	0	0	0	2	14	0	0	0	0	1	0	0	0	0	3	0	0	1	10	0	26	0	0	0	2	0	0	0	4	0	2	0	0	0	12	0	14	0	2	0	0	0	0	0	1	0	0	0	0	0	0	0	0	0	0	0	0	4	0	0	0	0	1	1	5	0	0	2	0	0	0	0	0	0	0	0
0	3	7	2	9	4	0	0	0	4	0	0	1	3	0	0	5	2	5	0	17	2	0	0	0	0	0	0	0	0	0	0	5	5	1	0	0	0	1	0	0	0	0	0	5	2	0	0	1	3	0	0	14	13	1	2	14	0	42	6	3	2	0	0	0	0	7	11	1	2	8	0	1	0	5	1	2	0	6	15	2	2	5	2	0	0	4	0	3	0	0	0	0	0	2	5	11	0	9	0	0	0	0	0	0	0	0	0	0	0	0	0	0	0	0	0	19	3	0	0	0	0	1	1	1	1	3	0	0	0	1	0	4	1	0	0	1	0	4	0	4	0	0	0	0	0	2	4	7	1	0	0	0	0	0	0	0	0	0	0	0	0	3	0	0	0	0	0	0	0	3	1	1	0	0	0	0	0	0	0	0	0	0	0	0	0	0	0	0
0	0	0	15	0	14	0	0	0	7	0	0	0	0	0	0	0	16	0	2	1	9	0	0	0	0	0	0	0	0	0	0	0	1	0	0	0	0	0	0	0	0	0	0	0	5	0	2	0	25	0	4	4	17	0	2	0	16	3	9	1	3	0	0	0	1	0	0	0	10	0	2	0	3	0	8	0	12	0	4	0	5	2	12	0	0	0	0	0	0	0	0	0	2	23	0	0	0	1	7	0	0	0	2	0	2	0	0	0	0	0	0	0	0	0	0	0	3	0	0	0	0	0	9	0	0	0	2	0	0	0	2	0	1	0	0	0	2	0	4	0	8	0	0	0	0	0	2	0	0	0	1	0	0	0	0	0	0	0	0	0	0	0	0	0	0	0	0	0	0	0	0	0	0	0	2	0	0	3	1	0	0	0	0	0	0	0	0	0
0	0	17	0	1	0	0	0	9	0	2	0	5	0	0	0	1	0	2	0	0	0	0	0	1	0	0	0	0	0	0	0	2	0	7	0	0	0	0	0	0	0	0	0	0	0	0	0	6	1	0	0	13	2	7	0	8	0	0	0	2	0	0	0	0	0	0	0	15	0	3	0	5	0	1	0	4	0	4	0	1	0	20	1	0	0	0	0	0	0	0	0	0	0	0	10	0	0	0	0	0	0	1	0	0	0	0	0	0	0	0	0	0	0	0	0	6	0	0	0	0	0	0	0	3	0	0	1	0	0	1	0	4	12	0	0	2	0	2	0	0	0	0	0	0	0	0	0	4	0	3	0	0	0	1	0	0	0	0	0	0	0	0	0	0	0	0	0	0	0	4	0	0	0	0	0	0	0	0	0	0	2	0	0	0	3	0	0	0
0	0	12	38	1	6	0	3	0	16	0	2	0	13	0	1	0	27	0	12	0	21	0	0	0	1	0	1	0	0	0	0	0	3	0	5	0	18	0	2	0	7	0	6	0	9	0	0	0	44	0	8	11	37	0	12	5	4	5	20	0	1	0	0	0	0	0	1	0	16	0	3	0	3	2	3	3	0	0	9	1	0	10	7	0	0	0	2	0	1	0	0	0	0	28	1	0	1	0	10	0	0	0	4	0	1	0	1	0	0	0	0	0	0	0	0	1	12	0	8	0	5	8	15	0	3	0	10	0	0	0	7	1	1	0	3	0	4	0	2	0	0	0	0	0	0	0	6	0	5	0	3	0	2	0	5	0	1	0	0	0	1	0	0	0	0	0	0	0	2	7	0	0	0	0	8	15	3	0	2	0	0	0	0	0	0	3	0	11
0	0	2	1	1	0	0	0	3	0	0	0	0	0	0	0	0	0	0	0	0	0	0	0	0	0	0	0	0	0	0	0	0	0	0	0	0	0	0	0	0	0	0	0	0	0	0	0	0	0	0	0	1	0	1	0	1	2	1	1	0	0	0	0	0	0	1	0	1	2	0	0	0	0	0	0	0	0	4	0	0	0	4	5	0	0	0	0	0	0	0	0	0	0	0	0	0	0	0	0	0	0	0	0	0	0	0	0	0	0	0	0	0	0	0	0	0	0	0	0	0	0	0	0	2	0	1	5	0	0	0	2	0	0	1	0	0	0	0	0	0	0	0	0	0	0	0	0	0	0	0	0	0	0	0	0	0	0	0	0	0	0	0	0	0	0	0	0	0	0	1	1	0	0	0	0	0	0	0	0	0	0	0	0	0	0	0	0	0
0	0	1	2	3	2	0	0	0	0	0	0	0	0	0	0	0	1	0	0	0	2	0	0	0	0	0	0	0	0	0	0	0	0	0	0	0	0	0	0	0	0	0	0	0	0	0	0	0	0	0	1	3	0	0	0	12	0	9	0	0	0	0	0	0	0	0	0	0	0	0	0	0	0	0	0	8	0	0	1	1	2	8	5	0	0	0	0	0	1	0	0	0	0	0	3	0	1	0	0	0	0	0	0	0	0	0	0	0	0	0	0	0	0	0	0	1	1	0	0	0	0	2	1	0	0	0	1	0	0	1	1	0	0	0	0	0	0	0	0	0	0	0	0	0	0	0	0	0	3	0	0	0	0	0	0	0	0	0	0	0	0	0	0	0	0	0	0	0	0	9	0	0	0	0	0	0	0	0	0	0	0	0	0	0	0	0	0	0
1	0	2	0	4	1	0	0	17	0	0	0	4	0	0	0	8	0	3	2	11	0	0	0	0	0	0	0	0	0	0	0	0	0	6	0	3	0	2	0	0	0	0	0	4	0	0	0	29	0	0	0	5	0	16	0	0	0	36	1	5	0	0	0	0	0	0	0	0	0	3	0	6	0	0	1	0	0	2	0	0	0	3	0	0	0	7	0	0	0	2	0	0	0	0	13	0	0	4	0	0	0	0	0	1	0	0	0	0	0	0	0	0	0	0	0	3	0	0	0	0	0	1	0	0	0	0	0	0	0	1	0	1	0	0	0	2	0	1	0	2	0	0	0	0	0	3	0	2	0	0	0	0	0	0	0	2	0	2	0	0	0	0	0	0	0	0	0	0	0	1	0	0	0	2	0	0	0	0	0	0	0	0	0	0	0	0	0	0
0	1	6	43	3	11	0	1	0	63	0	2	0	33	0	0	0	34	0	4	0	5	0	0	0	0	0	1	0	0	0	0	0	15	0	3	0	7	0	6	0	4	0	3	0	7	0	0	0	69	0	27	10	43	0	40	2	26	7	46	1	0	0	0	0	1	0	2	0	16	2	10	0	2	0	17	5	7	1	27	0	12	11	13	0	0	0	2	0	0	0	0	0	0	16	2	0	5	0	0	0	0	0	1	0	8	0	0	0	0	0	0	0	0	0	0	0	30	0	12	0	4	2	0	0	34	3	50	0	1	1	10	0	13	0	4	0	12	0	12	4	2	0	6	0	0	0	13	0	13	0	19	0	5	0	0	0	0	0	2	0	0	0	0	0	0	0	0	0	0	1	0	0	0	0	1	30	1	0	4	0	0	3	0	0	0	1	0	8
6	0	50	0	4	0	1	0	12	0	16	0	0	0	3	0	0	1	0	0	8	1	1	0	4	0	6	0	0	0	1	0	4	0	1	0	0	0	0	0	0	0	0	0	0	0	0	0	0	1	2	0	44	0	0	0	17	0	21	3	3	0	0	0	0	0	1	1	3	0	4	0	0	0	1	0	11	0	14	0	2	0	17	0	0	0	0	0	0	0	0	0	0	0	0	4	2	0	0	0	0	0	3	0	0	0	0	0	0	0	0	0	0	0	0	0	18	0	4	0	3	0	1	0	5	0	7	0	0	0	7	0	8	0	2	0	1	0	1	0	7	0	4	0	0	0	2	0	7	0	0	0	0	0	1	0	0	0	0	0	0	0	1	0	0	0	0	0	0	0	2	2	2	0	0	0	0	0	0	0	0	0	0	7	0	1	0	0	0
0	1	20	39	3	5	0	15	0	109	0	47	0	26	0	41	0	67	0	14	1	7	0	9	0	49	0	1	0	13	0	10	0	15	0	47	0	6	0	4	0	0	0	2	0	2	0	0	0	58	0	21	15	158	0	94	17	16	14	23	4	3	0	0	0	0	0	3	1	20	3	55	0	1	1	19	1	12	0	25	4	2	5	17	0	0	0	3	0	3	0	0	0	0	24	0	0	3	1	0	0	0	0	1	0	2	0	0	0	0	0	0	0	0	0	0	2	17	0	37	0	29	2	11	0	11	3	13	0	1	0	1	2	4	0	32	0	27	1	14	1	0	0	5	0	3	0	13	0	24	0	14	0	0	0	8	0	8	0	0	0	1	0	0	0	0	0	0	0	0	5	0	0	0	0	5	23	1	1	3	0	0	29	0	27	0	28	0	12
0	0	5	0	0	0	0	0	4	0	0	0	1	0	0	0	1	0	0	0	1	0	0	0	0	0	0	0	0	0	0	0	0	0	2	0	0	0	4	0	0	0	0	0	0	0	0	0	6	0	0	0	17	0	1	0	0	0	8	0	0	0	0	0	0	0	0	0	0	0	1	0	0	0	1	0	0	0	1	0	5	0	0	0	0	0	0	0	0	0	0	0	0	0	0	0	0	0	0	0	0	0	0	0	0	0	0	0	0	0	0	0	0	0	0	0	8	0	0	0	0	0	0	0	0	0	0	0	0	0	0	0	0	0	0	0	2	0	0	0	0	0	3	0	0	0	0	0	0	0	0	0	0	0	0	0	0	0	0	0	0	0	0	0	0	0	0	0	0	0	0	0	0	0	0	0	0	0	0	0	0	1	0	0	0	0	0	0	0
0	0	0	26	0	2	0	3	0	29	0	2	0	22	0	16	0	29	0	3	0	0	0	0	0	0	0	0	0	1	0	0	0	2	0	8	0	22	0	11	0	5	0	21	0	2	0	0	0	49	0	2	0	30	0	31	0	3	0	26	0	0	0	0	0	0	0	0	0	4	0	4	0	1	0	11	0	0	0	8	0	2	0	6	0	0	0	0	0	0	0	0	0	0	37	0	0	0	0	0	0	0	0	0	0	4	0	0	0	0	0	0	0	0	0	0	0	21	0	20	0	3	0	1	0	6	0	11	0	2	0	7	0	2	0	1	0	11	0	2	0	1	0	3	0	0	0	19	0	14	0	2	0	1	0	1	0	1	0	1	0	0	0	0	0	0	0	0	0	0	0	0	0	0	0	8	2	3	0	1	0	0	5	0	2	0	16	0	8
1	0	1	0	0	0	2	0	0	0	0	0	0	0	0	0	0	0	0	0	0	0	0	0	0	0	0	0	0	0	0	0	0	0	0	0	0	0	0	0	0	0	0	0	0	0	0	0	0	0	8	0	5	0	0	0	0	0	0	0	0	0	0	0	0	0	0	0	0	0	0	0	0	0	0	0	0	0	0	0	0	0	0	0	0	0	0	0	0	0	0	0	0	0	0	0	0	0	0	0	0	0	0	0	0	0	0	0	0	0	0	0	0	0	0	0	0	0	2	0	2	0	0	0	0	0	0	0	0	0	0	0	0	0	0	0	0	0	3	0	0	0	0	0	0	0	0	0	0	0	0	0	0	0	6	0	0	0	0	0	0	0	0	0	0	0	0	0	0	0	1	0	0	0	0	0	0	0	0	0	0	0	0	0	0	0	0	0	0
0	14	0	9	0	0	0	1	0	10	0	0	0	0	0	1	0	47	0	31	0	18	0	0	0	1	0	1	0	0	0	0	0	5	0	0	0	0	0	0	0	0	0	0	0	0	0	0	0	7	0	4	0	7	0	7	0	0	0	14	0	0	0	0	0	0	0	2	0	2	0	2	0	3	0	7	0	0	0	1	0	0	0	2	0	0	0	0	0	0	0	0	0	0	54	0	0	7	0	0	0	5	0	9	0	1	0	1	0	0	0	1	0	1	0	0	0	9	0	10	0	1	0	0	0	9	0	1	0	0	0	0	0	11	0	1	0	0	0	0	0	0	0	2	0	0	0	5	0	0	0	1	0	0	0	0	0	0	0	0	0	0	0	0	0	0	0	0	0	0	0	0	0	0	0	0	0	0	0	0	6	0	0	0	0	0	0	0	0
0	0	6	0	3	0	15	0	22	0	0	0	0	0	1	0	0	0	0	0	0	0	0	0	0	0	0	0	1	0	0	0	0	0	0	0	0	0	0	0	0	0	0	0	0	0	0	0	0	0	11	0	33	0	0	0	10	0	1	0	0	0	0	0	0	0	0	0	0	0	0	0	0	0	0	0	0	0	0	0	2	0	1	0	0	0	0	0	0	0	0	0	0	0	0	0	0	0	0	0	0	0	0	0	0	0	0	0	0	0	0	0	0	0	0	0	8	0	12	0	4	0	0	0	0	0	5	0	1	0	0	0	17	0	0	0	0	0	0	0	0	0	1	0	0	0	0	0	1	0	0	0	6	0	0	0	0	0	0	0	0	0	0	0	0	0	0	0	0	0	0	0	5	0	0	0	0	0	0	0	0	0	0	1	0	0	0	0	0
0	0	0	1	0	0	0	3	0	24	0	14	0	0	0	12	0	0	0	0	0	0	0	4	0	16	0	0	0	2	0	0	0	0	0	4	0	0	0	1	0	0	0	0	0	0	0	0	0	0	0	4	0	34	0	0	0	6	0	0	0	0	0	0	0	0	0	0	0	0	0	3	0	0	0	0	0	0	0	13	0	0	0	0	0	0	0	0	0	0	0	0	0	0	0	0	0	0	0	0	0	0	0	0	0	0	0	0	0	0	0	0	0	0	0	0	0	1	0	26	0	2	0	0	0	0	0	0	0	0	0	0	0	1	0	5	0	8	0	0	0	0	0	5	0	0	0	0	0	8	0	1	0	0	0	0	0	0	0	0	0	0	0	0	0	0	0	0	0	0	0	0	0	0	0	0	0	4	1	0	0	0	2	0	12	0	3	0	1
0	0	0	0	0	0	0	0	0	0	0	0	0	0	0	0	0	0	0	0	0	0	0	0	0	0	0	0	0	0	0	0	0	0	0	0	0	0	0	0	0	0	0	0	0	0	0	0	0	0	0	0	1	0	0	0	0	0	4	0	0	0	0	0	0	0	0	0	0	0	0	0	0	0	0	0	0	0	0	0	0	0	0	0	0	0	0	0	0	0	0	0	0	0	0	0	0	0	0	0	0	0	0	0	0	0	0	0	0	0	0	0	0	0	0	0	0	0	0	0	0	0	0	0	0	0	0	0	0	0	0	0	0	0	0	0	0	0	0	0	0	0	0	0	0	0	2	0	0	0	0	0	0	0	0	0	0	0	0	0	0	0	0	0	0	0	0	0	0	0	0	0	0	0	0	0	0	0	0	0	0	0	0	0	0	0	0	0	0
0	0	0	1	0	0	0	0	0	5	0	0	0	1	0	0	0	8	0	0	0	3	0	0	0	0	0	0	0	1	0	0	0	0	0	0	0	8	0	0	0	0	0	4	0	2	0	0	0	29	0	6	0	13	0	1	1	1	0	1	0	0	0	0	0	0	0	0	0	0	0	2	0	0	0	6	0	0	0	2	0	0	0	0	0	0	0	0	0	0	0	0	0	0	43	0	0	3	0	0	0	0	0	0	0	0	0	0	0	0	0	0	0	0	0	0	0	4	0	1	0	0	1	1	0	0	0	0	0	0	0	0	0	1	0	0	0	4	0	1	0	0	0	1	0	0	0	0	0	8	0	1	0	0	0	0	0	0	0	0	0	0	0	0	0	0	0	0	0	0	0	0	0	0	0	0	4	0	0	0	0	0	2	0	0	0	0	0	2
0	0	4	0	0	0	0	0	0	0	0	0	0	0	0	0	8	0	3	0	1	0	0	0	0	0	0	0	0	0	0	0	0	0	1	0	0	0	0	0	0	0	0	0	0	0	0	0	2	0	0	0	0	0	1	0	0	0	3	0	0	0	0	0	0	0	0	0	0	0	0	0	0	0	0	0	0	0	0	0	0	0	4	0	0	0	0	0	0	0	0	0	0	0	0	5	7	0	1	0	0	0	0	0	1	0	0	0	0	0	0	0	0	0	0	0	1	0	0	0	0	0	0	0	0	0	0	0	0	0	0	0	2	0	0	0	0	0	0	0	0	0	0	0	0	0	2	0	0	0	0	0	0	0	0	0	0	0	0	0	0	0	0	0	0	0	0	0	0	0	0	0	0	0	0	0	0	0	0	0	0	0	0	0	0	0	0	0	0
0	0	0	11	0	4	0	0	0	1	0	0	0	0	0	0	0	7	0	0	0	0	0	0	0	0	0	0	0	0	0	0	0	0	0	0	0	0	0	0	0	0	0	2	0	0	0	0	0	6	0	8	0	8	0	4	0	0	0	6	0	0	0	0	0	0	0	0	0	3	0	1	0	0	0	1	0	0	0	5	0	0	0	1	0	0	0	0	0	1	0	0	0	0	1	0	0	1	0	0	0	0	0	0	0	1	0	0	0	0	0	0	0	0	0	0	0	2	0	1	0	0	0	1	0	1	0	0	0	0	0	1	0	2	0	0	0	0	0	0	0	0	0	0	0	0	0	2	0	0	0	1	0	0	0	0	0	0	0	0	0	0	0	0	0	0	0	0	0	0	0	0	0	0	0	0	0	0	0	0	0	0	0	0	0	0	0	0	0
0	0	0	0	0	0	0	0	0	0	0	0	0	0	0	0	0	0	0	0	0	0	0	0	0	0	0	0	0	0	0	0	0	0	0	0	0	0	0	0	0	0	0	0	0	0	0	0	0	0	0	0	5	4	0	0	0	0	7	1	0	0	0	0	0	0	0	0	0	0	0	0	0	0	0	0	1	0	2	1	0	0	1	0	0	0	0	0	0	0	0	0	0	0	0	0	0	0	0	0	0	0	0	0	0	0	0	0	0	0	0	0	0	0	0	0	2	0	0	0	0	0	0	0	0	0	0	0	0	0	0	0	2	0	0	0	0	0	0	0	0	0	0	0	0	0	0	0	0	0	0	0	0	0	0	0	0	0	0	0	0	0	0	0	0	0	0	0	0	0	1	0	0	0	0	0	0	0	0	0	0	0	0	0	0	0	0	0	0
0	0	0	0	0	0	0	0	0	1	0	0	0	0	0	0	0	0	0	0	0	0	0	0	0	0	0	0	0	0	0	0	0	0	0	0	0	0	0	0	0	0	0	0	0	0	0	0	0	1	0	0	0	1	0	0	0	0	0	9	0	0	0	0	0	0	0	0	0	0	0	0	0	0	0	1	0	1	0	1	0	0	0	8	0	0	0	0	0	0	0	0	0	0	0	0	0	0	0	0	0	0	0	0	0	0	0	0	0	0	0	0	0	0	0	0	0	1	0	0	0	0	0	0	0	0	0	0	0	0	0	1	0	3	0	0	0	0	0	0	0	0	0	1	0	0	0	0	0	1	0	0	0	0	0	0	0	0	0	0	0	0	0	0	0	0	0	0	0	0	0	0	0	0	0	0	0	0	0	0	0	0	0	0	0	0	0	0	0
0	0	1	0	0	0	0	0	0	0	0	0	0	0	0	0	1	0	2	0	2	0	0	0	0	0	0	0	0	0	0	0	0	0	0	0	0	0	0	0	0	0	0	0	0	0	0	0	0	0	0	0	1	0	0	0	0	0	4	0	1	0	0	0	0	0	0	0	0	0	0	0	0	0	0	0	0	0	0	0	0	0	0	0	0	0	0	0	0	0	0	0	0	0	0	3	0	0	0	0	0	0	0	0	0	0	0	0	0	0	0	0	0	0	0	0	0	0	0	0	0	0	0	0	0	0	0	0	0	0	0	0	0	0	0	0	0	0	0	0	3	0	0	0	0	0	0	0	1	0	0	0	0	0	0	0	0	0	0	0	0	0	0	0	0	0	0	0	0	0	0	0	0	0	0	0	0	0	0	0	0	0	0	0	0	0	0	0	0
0	0	0	0	0	3	0	0	0	3	0	0	0	0	0	0	0	1	0	0	0	1	0	0	0	0	0	0	0	0	0	0	0	0	0	0	0	0	0	0	0	0	0	0	0	1	0	0	0	1	0	0	0	1	0	0	0	0	0	2	0	0	0	1	0	0	0	0	0	0	0	0	0	0	0	0	0	0	0	0	0	0	0	0	0	0	0	0	0	0	0	0	0	0	5	0	0	0	0	1	0	0	0	0	0	0	0	0	0	0	0	0	0	0	0	0	0	2	0	0	0	0	0	0	0	0	0	0	0	0	0	1	0	0	0	0	0	0	0	0	0	0	0	0	0	0	0	0	0	0	0	0	0	0	0	0	0	0	0	0	0	0	0	0	0	0	0	0	0	0	0	0	0	0	0	0	0	0	0	0	0	0	0	0	0	0	0	0	0
0	0	0	0	0	0	0	0	0	0	0	0	0	0	0	0	0	0	0	0	0	0	0	0	0	0	0	0	0	0	0	0	0	0	0	0	0	0	0	0	0	0	0	0	0	0	0	0	0	0	0	0	0	0	0	0	0	0	0	0	0	0	0	0	0	0	0	0	0	0	0	0	0	0	0	0	0	0	0	0	0	0	0	0	0	0	0	0	0	0	0	0	0	0	0	0	0	0	0	0	0	0	0	0	0	0	0	0	0	0	0	0	0	0	0	0	0	0	0	0	0	0	0	0	0	0	0	0	0	0	0	0	0	0	0	0	0	0	0	0	0	0	0	0	0	0	0	0	0	0	0	0	0	0	0	0	0	0	0	0	0	0	0	0	0	0	0	0	0	0	0	0	0	0	0	0	0	0	0	0	0	0	0	0	0	0	0	0	0
0	0	0	0	0	0	0	0	0	0	0	0	0	0	0	0	0	0	0	0	0	0	0	0	0	0	0	0	0	0	0	0	0	0	0	0	0	0	0	0	0	0	0	0	0	0	0	0	0	0	0	0	0	0	0	0	0	0	0	0	0	0	0	0	0	0	0	0	0	0	0	0	0	0	0	0	0	0	0	0	0	0	0	0	0	0	0	0	0	0	0	0	0	0	0	0	0	0	0	0	0	0	0	0	0	0	0	0	0	0	0	0	0	0	0	0	0	0	0	0	0	0	0	0	0	0	0	0	0	0	0	0	0	0	0	0	0	0	0	0	0	0	0	0	0	0	0	0	0	0	0	0	0	0	0	0	0	0	0	0	0	0	0	0	0	0	0	0	0	0	0	0	0	0	0	0	0	0	0	0	0	0	0	0	0	0	0	0	0
0	0	0	0	0	0	0	0	0	0	0	0	0	0	0	0	0	0	0	0	0	0	0	0	0	0	0	0	0	0	0	0	0	0	0	0	0	0	0	0	0	1	0	0	0	0	0	0	0	0	0	0	0	0	0	0	0	0	0	0	0	0	0	0	0	0	0	0	0	0	0	0	0	0	0	0	0	0	0	0	0	0	0	0	0	0	0	0	0	0	0	0	0	0	2	0	0	0	0	0	0	0	0	0	0	0	0	0	0	0	0	0	0	0	0	0	0	0	0	0	0	0	0	0	0	0	0	0	0	0	0	0	0	0	0	0	0	0	0	0	0	0	0	0	0	0	0	0	0	0	0	0	0	0	0	0	0	0	0	0	0	0	0	0	0	0	0	0	0	0	0	0	0	0	0	0	0	0	0	0	0	0	0	0	0	0	0	0	0
0	0	0	0	0	0	0	0	0	0	0	0	0	0	0	0	0	0	0	0	0	0	0	0	0	0	0	0	0	0	0	0	0	0	0	0	0	0	0	0	0	0	0	0	0	0	0	0	0	0	0	0	0	0	0	0	0	0	0	0	0	0	0	0	0	0	0	0	0	0	0	0	0	0	0	0	0	0	0	0	0	0	0	0	0	0	0	0	0	0	0	0	0	0	0	0	0	0	0	0	0	0	0	0	0	0	0	0	0	0	0	0	0	0	0	0	0	0	0	0	0	0	0	0	0	0	0	0	0	0	0	0	0	0	0	0	0	0	0	0	0	0	0	0	0	0	0	0	0	0	0	0	0	0	0	0	0	0	0	0	0	0	0	0	0	0	0	0	0	0	0	0	0	0	0	0	0	0	0	0	0	0	0	0	0	0	0	0	0
0	0	0	1	3	0	0	0	0	0	0	0	0	0	0	0	1	0	0	0	2	0	0	0	0	0	0	0	0	0	0	0	0	0	0	0	0	0	0	0	0	0	0	0	0	0	0	0	0	0	0	0	3	0	0	0	0	0	13	0	0	0	0	0	0	0	0	0	0	0	0	0	1	0	0	0	0	0	0	0	0	0	0	0	0	0	0	0	0	0	0	0	0	0	0	9	2	0	0	0	0	0	0	0	0	0	0	0	0	0	0	0	0	0	0	0	1	0	0	0	0	0	0	0	0	0	0	0	0	0	0	0	0	0	0	0	0	0	0	0	0	0	0	0	0	0	0	0	0	0	0	0	0	0	0	0	0	0	0	0	0	0	0	0	0	0	0	0	0	0	0	0	0	0	0	0	0	0	0	0	0	0	0	0	0	0	0	0	0
0	0	3	0	0	0	0	0	0	0	0	0	0	0	0	0	0	2	0	0	0	0	0	0	0	0	0	0	0	0	0	0	0	0	0	0	0	1	0	0	0	2	0	0	0	0	0	0	0	8	0	0	0	1	0	1	1	0	0	0	0	0	0	1	0	0	0	0	0	0	0	0	0	1	0	0	0	0	0	0	2	0	0	0	0	0	0	0	0	0	0	0	0	0	11	1	0	0	2	0	0	0	0	1	0	1	0	0	0	0	0	0	0	0	0	0	0	2	0	0	0	0	0	0	0	0	0	0	0	0	0	0	1	0	0	0	0	0	0	0	0	0	0	2	0	0	0	0	0	0	0	0	0	0	0	0	0	0	0	0	0	0	0	0	0	0	0	0	0	0	0	0	0	0	0	0	2	0	0	0	0	0	0	0	0	0	0	0	1
0	0	45	7	9	0	0	0	3	9	0	0	0	0	0	0	0	3	0	10	9	0	0	0	0	0	0	0	0	0	0	0	3	1	0	0	0	0	0	0	0	0	0	0	0	1	0	0	1	3	1	0	36	14	0	0	54	10	33	5	13	1	0	0	0	0	1	2	20	6	1	0	0	0	0	1	16	6	10	4	14	0	35	4	0	0	1	0	4	0	0	0	0	0	4	10	2	0	4	0	0	0	0	1	0	0	0	0	0	0	0	0	0	0	0	0	10	10	0	0	0	0	6	3	2	0	15	0	0	0	6	1	2	4	1	0	1	0	6	4	3	0	4	7	1	9	1	1	2	5	0	0	1	0	0	0	0	0	0	0	1	0	0	0	0	0	0	0	0	0	6	3	0	0	0	1	0	0	0	0	0	0	0	0	0	0	0	0	0
1	9	19	2	7	0	0	0	1	0	0	0	1	0	0	0	0	0	0	0	0	0	0	0	0	0	2	0	0	0	0	0	3	0	0	0	0	0	0	0	0	0	0	0	0	0	0	0	0	0	6	0	14	0	0	0	43	0	3	0	4	0	0	0	0	0	16	5	16	1	0	0	0	0	0	0	7	0	2	0	0	0	6	0	0	0	0	0	0	0	0	0	0	0	0	1	0	0	0	0	1	0	0	0	0	0	0	0	0	0	0	0	0	0	0	0	3	0	6	0	1	0	0	0	31	1	13	0	0	0	3	0	4	0	0	0	0	0	12	0	1	0	0	0	1	0	0	0	2	0	0	0	0	0	0	0	0	0	0	0	0	0	0	0	0	0	0	0	0	0	3	0	0	0	0	0	0	0	0	0	0	0	0	0	0	0	0	0	0
2	0	14	0	0	0	2	0	1	0	0	0	0	0	1	0	1	0	1	0	0	0	0	0	0	0	0	0	0	0	0	0	0	0	0	0	0	0	0	0	0	0	0	0	0	0	0	0	0	0	1	0	9	0	0	0	4	0	2	1	0	0	0	0	0	0	1	0	10	0	0	0	0	0	4	0	1	0	2	0	0	0	7	0	0	0	0	0	0	0	0	0	0	0	1	4	0	0	0	0	0	0	1	0	0	0	0	0	0	0	0	0	0	0	0	0	2	0	0	0	0	0	1	0	0	0	1	0	0	0	2	0	0	0	1	0	3	0	1	0	1	0	0	0	0	0	0	0	2	0	0	0	0	0	5	0	0	0	0	0	0	0	0	0	0	0	0	0	0	0	0	0	0	0	2	0	0	0	0	0	0	0	0	0	0	0	0	0	0
0	0	0	0	0	0	0	0	0	0	2	0	0	0	0	0	0	0	0	0	0	0	0	0	0	0	0	0	0	0	0	0	0	0	0	0	0	0	0	0	0	0	0	0	0	0	0	0	0	0	0	0	0	0	0	0	0	0	0	0	0	0	0	0	0	0	0	0	0	0	0	0	0	0	0	0	0	0	0	0	0	0	0	0	0	0	0	0	0	0	0	0	0	0	0	0	0	0	0	0	0	0	0	0	0	0	0	0	0	0	0	0	0	0	0	0	0	0	0	0	0	0	0	0	0	0	0	0	0	0	0	0	0	0	0	0	0	0	0	0	0	0	0	0	0	0	0	0	0	0	0	0	0	0	0	0	0	0	0	0	0	0	0	0	0	0	0	0	0	0	0	0	0	0	0	0	0	0	0	0	0	0	0	0	0	0	0	0	0
0	0	0	0	2	0	0	0	0	0	0	0	1	0	0	0	3	0	0	0	0	0	0	0	0	0	0	0	0	0	0	0	0	0	0	0	1	0	0	0	0	0	0	0	0	0	0	0	3	0	0	0	2	0	0	0	0	0	1	0	0	0	0	0	0	0	0	0	0	0	6	0	0	0	0	0	0	0	3	0	0	0	1	0	0	0	0	0	0	0	0	0	0	0	0	5	0	0	0	0	0	0	0	0	0	0	0	0	0	0	0	0	0	0	0	0	3	0	0	0	0	0	0	0	0	0	0	0	0	0	0	0	0	0	1	0	1	0	0	0	0	0	0	0	0	0	2	0	0	0	0	0	0	0	0	0	0	0	0	0	0	0	0	0	0	0	0	0	0	0	0	0	2	0	0	0	0	0	0	0	0	1	0	0	0	0	0	0	0
0	0	4	20	1	12	0	0	0	23	0	0	0	5	0	0	0	20	0	1	0	6	0	0	0	0	0	0	0	0	0	0	0	1	0	0	0	5	0	0	0	0	0	3	0	0	0	0	0	10	0	24	3	15	0	2	11	20	6	19	2	1	0	0	0	0	0	1	1	28	0	13	0	0	0	1	4	14	1	15	5	4	5	11	0	1	0	0	0	0	0	0	0	0	11	0	0	0	0	1	0	0	0	1	0	0	0	0	0	0	0	2	0	0	0	0	0	10	0	2	0	0	3	4	0	4	1	5	0	0	0	3	3	8	0	7	0	5	0	1	0	2	0	8	0	0	0	1	0	5	0	8	0	0	0	0	0	0	0	0	0	0	0	0	0	0	0	0	0	0	1	0	0	0	0	3	4	5	0	2	0	0	1	0	0	0	0	0	1
0	0	0	14	0	6	0	0	0	22	0	3	0	7	0	1	0	24	0	15	0	12	0	0	0	8	0	0	0	0	0	0	0	0	0	4	0	0	0	0	0	0	0	1	0	0	0	0	0	13	0	5	5	31	0	1	3	15	6	20	1	1	0	0	0	0	0	0	0	6	0	35	0	1	6	5	1	6	0	6	0	0	3	15	0	0	0	0	0	0	0	0	0	0	12	0	0	0	0	8	0	2	0	1	0	0	0	0	0	0	0	0	0	0	0	0	0	13	0	4	0	1	0	0	0	0	0	5	0	0	0	3	0	5	0	10	0	0	0	1	0	0	0	15	0	0	0	30	0	23	0	2	0	0	0	0	0	4	0	0	0	0	0	0	0	0	0	0	0	2	0	0	0	0	0	4	1	0	0	0	1	0	0	0	1	0	2	0	0
0	1	0	14	0	4	0	4	0	13	0	7	0	15	0	3	0	8	0	1	0	0	0	0	0	5	0	2	0	3	0	2	0	6	0	3	0	13	0	0	0	1	0	0	0	0	0	0	0	13	0	2	4	22	0	10	0	7	0	1	0	0	0	0	0	0	0	0	0	5	1	12	0	0	0	2	0	4	1	14	0	0	0	5	0	0	0	0	0	0	0	0	0	0	4	0	0	1	0	0	0	0	0	0	0	1	0	0	0	0	0	0	0	0	0	0	0	3	0	5	0	6	0	0	0	15	0	1	0	1	0	3	0	0	0	3	0	5	0	5	0	0	0	3	0	0	0	1	0	1	0	3	0	0	0	4	0	0	0	0	0	0	0	0	0	0	0	0	0	0	0	0	0	0	0	5	0	2	0	0	0	0	0	0	8	0	1	0	4
0	0	0	1	0	1	0	0	0	3	0	1	0	3	0	5	0	11	0	0	0	0	0	0	0	0	0	0	0	0	0	0	0	0	0	0	0	0	0	0	0	0	0	0	0	0	0	0	0	9	0	0	1	2	0	2	1	3	0	1	0	0	0	0	0	0	0	0	0	1	0	1	0	0	1	1	0	4	0	3	0	0	0	1	0	0	0	0	0	0	0	0	0	0	1	0	1	0	0	0	0	0	0	0	0	0	0	0	0	0	0	0	0	0	0	0	0	0	0	0	0	0	0	0	0	0	0	0	0	0	0	0	0	0	0	0	0	0	0	0	0	3	0	0	0	0	0	0	0	1	0	0	0	0	0	1	0	0	0	0	0	0	0	0	0	0	0	0	0	0	0	0	0	0	0	0	0	0	0	0	0	0	0	0	0	0	0	0	0
0	0	3	16	2	2	0	0	0	1	0	0	0	12	0	0	0	8	0	2	1	0	0	0	0	0	0	0	0	0	0	0	0	0	0	4	0	8	0	4	0	0	0	4	0	0	0	0	0	11	0	1	6	13	0	8	0	3	9	3	0	0	0	0	0	0	0	0	0	4	0	9	0	4	0	9	2	2	0	11	0	0	3	9	0	0	0	0	0	0	0	0	0	1	13	0	0	0	0	0	0	0	0	0	0	1	0	0	0	0	0	0	0	0	0	0	0	5	0	0	0	0	5	2	0	0	1	0	0	0	0	2	0	0	0	0	0	2	0	0	0	1	0	2	0	0	0	4	0	3	0	1	0	0	0	0	0	0	0	0	0	0	0	0	0	0	0	0	0	0	0	0	0	0	0	2	0	0	0	2	0	0	0	0	2	0	6	0	1
0	0	3	6	0	0	0	0	0	2	0	0	0	0	0	0	0	1	0	2	3	9	0	0	0	0	0	0	0	0	0	0	0	2	0	0	1	0	0	0	0	0	0	0	1	0	0	0	0	2	0	6	2	2	0	0	8	3	8	5	0	0	0	0	1	0	0	1	0	3	3	0	1	0	0	3	1	3	1	2	1	0	0	1	0	0	1	0	2	0	0	0	0	0	20	10	0	0	1	0	0	2	1	0	8	0	1	0	1	0	1	0	0	0	0	0	0	4	0	7	0	0	0	1	0	3	1	4	0	0	0	1	0	0	0	0	2	0	0	2	0	0	0	0	0	0	0	0	0	0	0	0	0	6	0	0	0	0	0	0	0	0	0	0	0	0	0	0	0	0	0	0	0	0	0	0	1	0	0	0	0	0	0	0	0	0	0	0	0
0	0	15	0	0	0	0	0	3	0	0	0	0	0	0	0	0	0	2	0	0	0	0	0	0	0	0	0	1	0	0	0	0	0	5	0	0	0	0	0	0	0	0	0	0	0	0	0	8	0	1	0	20	0	5	0	7	0	5	0	0	0	0	0	0	0	0	0	1	0	1	0	2	0	6	0	0	0	15	0	0	0	2	0	0	0	0	0	0	0	0	0	0	0	0	4	0	0	0	0	0	0	0	0	0	0	0	0	0	0	0	0	0	0	0	0	8	0	1	0	0	0	0	0	0	0	2	0	0	0	0	0	2	0	0	0	1	0	0	0	0	0	2	0	0	0	0	0	0	0	1	0	0	0	0	0	0	0	0	0	0	0	0	0	0	0	0	0	0	0	0	0	0	0	1	0	0	0	0	0	0	0	0	1	0	0	0	0	0
0	0	0	5	0	0	0	4	0	51	0	12	0	18	0	33	0	5	0	0	0	0	0	4	0	8	0	0	0	4	0	6	0	1	0	30	0	11	0	9	0	0	0	5	0	3	0	0	0	11	0	1	0	40	0	53	0	1	0	5	0	0	0	0	0	0	0	0	0	1	0	27	0	0	0	6	0	0	0	22	0	1	0	2	0	0	0	0	0	0	0	0	0	0	5	0	0	0	0	0	0	0	0	0	0	0	0	0	0	0	0	0	0	0	0	0	0	8	0	2	0	1	0	0	0	0	0	0	0	1	0	0	0	1	0	5	0	10	0	0	0	0	0	0	0	0	0	3	0	29	0	5	0	0	0	2	0	2	0	0	0	0	0	0	0	0	0	0	0	0	0	0	0	0	0	1	0	0	0	0	0	0	7	0	31	0	13	0	10
0	0	0	0	0	0	1	0	9	0	5	0	0	0	16	0	0	0	0	0	0	0	1	0	4	0	0	0	0	0	0	0	0	0	1	0	0	0	0	0	0	0	0	0	0	0	0	0	0	0	0	0	4	0	0	0	0	0	10	0	0	0	0	0	0	0	0	0	0	0	1	0	0	0	0	0	0	0	7	0	2	0	0	0	0	0	0	0	0	0	0	0	0	0	0	0	0	0	0	0	0	0	0	0	0	0	0	0	0	0	0	0	0	0	0	0	0	0	0	0	0	0	0	0	0	0	0	0	0	0	0	0	0	0	0	0	0	0	0	0	0	0	0	0	0	0	0	0	7	0	0	0	0	0	1	0	0	0	0	0	0	0	0	0	0	0	0	0	0	0	0	0	0	0	0	0	0	0	0	0	0	1	0	0	0	2	0	0	0
0	0	0	0	0	1	0	9	0	58	0	23	0	25	0	35	0	1	0	0	0	0	0	2	0	31	0	0	0	8	0	37	0	1	0	20	0	4	0	1	0	0	0	1	0	0	0	0	0	1	0	1	0	119	0	51	0	0	0	2	0	0	0	0	0	0	0	0	0	1	0	38	0	0	0	4	0	0	0	8	0	0	0	1	0	0	0	0	0	0	0	0	0	0	0	0	0	0	0	0	0	0	0	0	0	0	0	0	0	0	0	0	0	0	0	0	0	7	0	27	0	5	0	0	0	0	0	1	0	0	0	0	0	0	0	7	0	28	0	0	0	0	0	0	0	0	0	0	0	27	0	2	0	0	0	12	0	0	0	0	0	0	0	0	0	0	0	0	0	0	0	0	0	0	0	0	1	8	0	2	0	0	31	0	18	0	37	0	2
0	0	3	0	0	0	0	0	3	0	0	0	2	0	1	0	5	0	0	0	0	0	0	0	0	0	0	0	0	0	0	0	0	0	0	0	0	0	0	0	0	0	0	0	0	0	0	0	2	0	0	0	9	0	3	0	2	0	0	0	0	0	0	0	0	0	0	0	0	0	4	0	0	0	1	0	0	0	0	0	1	0	0	0	0	0	0	0	0	0	0	0	0	0	0	0	0	0	0	0	0	0	0	0	0	0	0	0	0	0	0	0	0	0	0	0	1	0	0	0	0	0	0	0	0	0	0	0	3	0	0	0	1	0	0	0	5	0	0	0	0	0	3	0	0	0	0	0	1	0	0	0	0	0	0	0	0	0	0	0	0	0	0	0	0	0	0	0	0	0	0	0	0	0	0	0	0	0	0	0	0	0	0	2	0	0	0	0	0
0	0	0	1	0	0	0	0	0	56	0	39	0	45	0	38	0	1	0	0	0	0	0	6	0	10	0	0	0	3	0	4	0	0	0	57	0	9	0	10	0	0	0	0	0	0	0	0	0	15	0	1	0	69	0	50	0	2	0	2	0	0	0	0	0	0	0	0	0	0	0	31	0	1	0	2	0	0	0	12	0	0	0	0	0	0	0	0	0	0	0	0	0	0	0	0	0	0	0	0	0	0	0	0	0	0	0	0	0	0	0	0	0	0	0	0	0	0	0	1	0	0	0	0	0	0	0	0	0	0	0	0	0	1	0	8	0	22	0	0	0	0	0	3	0	0	0	1	0	28	0	16	0	0	0	3	0	0	0	0	0	0	0	0	0	0	0	0	0	0	0	0	0	0	0	0	2	1	0	6	0	0	13	0	37	0	9	0	22
0	0	0	0	0	0	0	0	0	0	0	0	8	0	0	0	6	0	0	0	0	0	0	0	0	0	0	0	0	0	0	0	0	0	2	0	0	0	0	0	0	0	0	0	0	0	0	0	1	0	0	0	1	0	1	0	0	0	0	0	0	0	0	0	0	0	0	0	0	0	0	0	0	0	1	0	0	0	0	0	0	0	0	0	0	0	0	0	0	0	0	0	0	0	0	0	0	0	0	0	0	0	0	0	0	0	0	0	0	0	0	0	0	0	0	0	3	0	0	0	0	0	0	0	0	0	0	0	0	0	0	0	0	0	0	0	0	0	0	0	0	0	0	0	0	0	0	0	0	0	0	0	0	0	0	0	0	0	0	0	0	0	0	0	0	0	0	0	0	0	0	0	0	0	0	0	0	0	0	0	0	0	0	0	0	0	0	0	0
0	0	0	5	0	0	0	0	0	40	0	12	0	24	0	0	0	33	0	0	0	3	0	0	0	6	0	0	0	0	0	0	0	1	0	6	0	20	0	15	0	3	0	5	0	2	0	0	0	48	0	0	0	41	0	29	0	1	0	7	0	0	0	0	0	0	0	0	0	0	0	18	0	1	0	17	0	0	0	12	0	0	0	3	0	0	0	0	0	0	0	0	0	0	10	0	0	0	0	0	0	0	0	0	0	0	0	0	0	0	0	0	0	0	0	0	0	1	0	0	0	0	0	0	0	2	0	1	0	0	0	1	0	0	0	5	0	16	0	0	0	0	0	11	0	0	0	8	0	12	0	8	0	0	0	1	0	2	0	0	0	0	0	0	0	0	0	0	0	1	0	0	0	0	0	1	0	4	0	1	0	0	10	0	2	0	22	0	4
